row,var,qid,status,reason,existing_r1,existing_r2,existing_r3,existing_r4,proposed_r1,proposed_r2,proposed_r3,proposed_r4,source,question_excerpt
2,vZA,,manual,no automatic proposal,,,,,,,,,no numeric range found,
3,vZA0,ZA0,manual,no automatic proposal,"1,2",,,,,,,,no numeric range found,"ZA0_1 想跟您確定一下我的戶中抽樣結果是不是正確的? 請問家中具有本國國籍,年滿18歲以上(民國96年12月底以前出生者),且最近三個月內住在【貼題:中選地址】這個地址「一星期有四天以上」的人,總共有合格(Y)/男性合格(Z)/中選(X)【貼題:戶中抽樣結果】,請問這位是您嗎? (01)戶抽人數正確 (02)戶抽人數不正確,請重抽〈請停止訪問並點選02後,在下一題點選中止代碼609,並到戶中抽樣視窗重新進行抽樣〉【與SFO選項01互斥】 訪問方式說明:"
4,vZA0_1,,manual,no automatic proposal,"1,2",,,,,,,,no numeric range found,
5,vSF0,SF0,manual,no automatic proposal,1,,,,,,,,no numeric range found,"SF0 這次訪問是採用一問一答的方式,訪問包含八成的傳播媒體使用,與兩成的政治傳播題目,題目都是選擇題,我們會將題目仔細唸給您聽,您再告訴我們您覺得最合適的答案是哪一項。(不顯示選項編號) (01)完成說明,開始訪問 A、基本狀況"
6,vA1,A1,mismatch,existing r1-r4 differ from proposal,"1,96",997,998,,997,998,,,option code span including table,"A1‧請問您是民國哪一年出生的?(出生年以身分證上的為主) 訪員注意:若不知道出生年,請依生肖及現在大約幾歲,再由提示卡70生肖表查詢出生年。 民國______年【數值題,範圍1-96】 □ (997)不知道 □ (998)拒答"
7,vA2,A2,range_match_special_diff,r1 matches; r2-r4 differ,"1,12",997,998,97,"1,12",97,98,,option code span including table,"A2‧請問您今年大概幾歲?【A1答(997)或(998)者,才需回答此題】 □ (01)18歲~19歲 □ (02)20歲~24歲 □ (03)25歲~29歲 □ (04)30歲~34歲 □ (05)35歲~39歲 □ (06)40歲~44歲 □ (07)45歲~49歲 □ (08)50歲~54歲 □ (09)55歲~59歲 □ (10)60歲~64歲 □ (11)65歲~69歲 □ (12)70歲及以上 □ (97)不知道 □ (98)拒答"
8,vA3,A3,match,,"1,88",97,98,,"1,88",97,98,,option code span including table,"A3‧請問您在哪一個縣市出生? 訪員注意:若為國外出生,則請在(88)其他欄位中填寫「該國家名稱」。 □ (01)基隆市 □ (02)台北市 □ (03)新北市 □ (04)桃園市 □ (05)新竹縣 □ (06)新竹市 □ (07)苗栗縣 □ (08)南投縣 □ (09)台中市 □ (10)彰化縣 □ (11)雲林縣 □ (12)嘉義縣 □ (13)嘉義市 □ (14)台南市 □ (15)高雄市 □ (16)屏東縣 □ (17)宜蘭縣 □ (18)花蓮縣 □ (19)台東縣 □ (20)澎湖縣 □ (21)金門縣 □ (22)連江縣 □ (88)其他,請說明_________ 【開放欄位】 "
9,vA4,A4,match,,"1,2",97,98,,"1,2",97,98,,option code span including table,A4‧請問您現在的居住地是不是戶籍地呢? □ (01)是 □ (02)否 □ (97)不知道 □ (98)拒答
10,vA5city,A5,match,,"1,29",,,,"1,29",,,,city code rule,"A5‧那請問您的戶籍所在地是哪個縣市、哪個鄉鎮市區呢?(以身分證上的為主)【地區題】【A4答(01)、(97)、(98)者,不需回答此題】 □ (01)基隆市___區 □ (02)台北市___區 □ (03)新北市___區 □ (04)桃園市___區 □ (05)新竹市___區 □ (06)新竹縣___市(鄉鎮) □ (07)苗栗縣___市(鄉鎮) □ (08)台中市___區 □ (09)彰化縣___市(鄉鎮) □ (10)南投縣___市(鄉鎮) □ (11)雲林縣___市(鄉鎮) □ (12)嘉義市___區 □ (13)嘉義縣___市(鄉鎮) □ (14)台南市___區 □ (15)高雄市_"
11,vA5town,A5,match,,"100,103,104,105,106,108,110,111,112,114,115,116,200,201,202,203,204,205,206,207,208,209,210,211,212,220,221,222,223,224,226,227,228,231,232,233,234,235,236,237,238,239,241,242,243,244,247,248,249,251,252,253,260,261,262,263,264,265,266,267,268,269,270,272,302,303,304,305,306,307,308,310,311,312,313,314,315,320,324,325,326,327,328,330,333,334,335,336,337,338,350,351,352,353,354,356,357,358,360,361,362,363,364,365,366,367,368,369,400,401,402,403,404,406,407,408,411,412,413,414,420,421,422,423,424,426,427,428,429,432,433,434,435,436,437,438,439,500,502,503,504,505,506,507,508,509,510,511,512,513,514,515,516,520,521,522,523,524,525,526,527,528,530,540,541,542,544,545,546,551,552,553,555,556,557,558,602,603,604,605,606,607,608,611,612,613,614,615,616,621,622,623,624,625,630,631,632,633,634,635,636,637,638,640,643,646,647,648,649,651,652,653,654,655,700,701,702,704,708,709,710,711,712,713,714,715,716,717,718,719,720,721,722,723,724,725,726,727,730,731,732,733,734,735,736,737,741,742,743,744,745,800,801,802,803,804,805,806,807,811,812,813,814,815,820,821,822,823,824,825,826,827,828,829,830,831,832,833,840,842,843,844,845,846,847,848,849,851,852,880,881,882,883,884,885,890,891,892,893,894,896,900,901,902,903,904,905,906,907,908,909,911,912,913,920,921,922,923,924,925,926,927,928,929,931,932,940,941,942,943,944,945,946,947,950,951,952,953,954,955,956,957,958,959,961,962,963,964,965,966,970,971,972,973,974,975,976,977,978,979,981,982,983,3001,3002,3003,6001,6002,9997,9998,9996",,,,"100,103,104,105,106,108,110,111,112,114,115,116,200,201,202,203,204,205,206,207,208,209,210,211,212,220,221,222,223,224,226,227,228,231,232,233,234,235,236,237,238,239,241,242,243,244,247,248,249,251,252,253,260,261,262,263,264,265,266,267,268,269,270,272,302,303,304,305,306,307,308,310,311,312,313,314,315,320,324,325,326,327,328,330,333,334,335,336,337,338,350,351,352,353,354,356,357,358,360,361,362,363,364,365,366,367,368,369,400,401,402,403,404,406,407,408,411,412,413,414,420,421,422,423,424,426,427,428,429,432,433,434,435,436,437,438,439,500,502,503,504,505,506,507,508,509,510,511,512,513,514,515,516,520,521,522,523,524,525,526,527,528,530,540,541,542,544,545,546,551,552,553,555,556,557,558,602,603,604,605,606,607,608,611,612,613,614,615,616,621,622,623,624,625,630,631,632,633,634,635,636,637,638,640,643,646,647,648,649,651,652,653,654,655,700,701,702,704,708,709,710,711,712,713,714,715,716,717,718,719,720,721,722,723,724,725,726,727,730,731,732,733,734,735,736,737,741,742,743,744,745,800,801,802,803,804,805,806,807,811,812,813,814,815,820,821,822,823,824,825,826,827,828,829,830,831,832,833,840,842,843,844,845,846,847,848,849,851,852,880,881,882,883,884,885,890,891,892,893,894,896,900,901,902,903,904,905,906,907,908,909,911,912,913,920,921,922,923,924,925,926,927,928,929,931,932,940,941,942,943,944,945,946,947,950,951,952,953,954,955,956,957,958,959,961,962,963,964,965,966,970,971,972,973,974,975,976,977,978,979,981,982,983,3001,3002,3003,6001,6002,9997,9998,9996",,,,town code list,"A5‧那請問您的戶籍所在地是哪個縣市、哪個鄉鎮市區呢?(以身分證上的為主)【地區題】【A4答(01)、(97)、(98)者,不需回答此題】 □ (01)基隆市___區 □ (02)台北市___區 □ (03)新北市___區 □ (04)桃園市___區 □ (05)新竹市___區 □ (06)新竹縣___市(鄉鎮) □ (07)苗栗縣___市(鄉鎮) □ (08)台中市___區 □ (09)彰化縣___市(鄉鎮) □ (10)南投縣___市(鄉鎮) □ (11)雲林縣___市(鄉鎮) □ (12)嘉義市___區 □ (13)嘉義縣___市(鄉鎮) □ (14)台南市___區 □ (15)高雄市_"
12,vA6,A6,match,,"1,88",97,98,,"1,88",97,98,,option code span including table,"A6‧請問您父親是台灣閩南人、台灣客家人、大陸各省市、台灣原住民還是其他人?(卡1) 訪員注意:籍貫以父親的爸爸為主。例如:若父親的爸爸是台灣閩南人、媽媽是台灣客家人,應勾選「(01)台灣閩南(河洛)人」。 □ (01)台灣閩南(河洛)人 □ (02)台灣客家人 □ (03)大陸各省市(戰後來台的人或其後代) □ (04)台灣原住民 □ (05)台灣新住民(經過跨國通婚而移民來台的非大陸籍新住民) □ (06)大陸籍配偶(開放兩岸探親後在台灣生活的配偶) □ (88)其他,請說明______【開放欄位】 □ (97)不知道 □ (98)拒答"
13,vA7,A7,match,,"1,88",97,98,,"1,88",97,98,,option code span including table,"A7‧請問您母親是台灣閩南人、台灣客家人、大陸各省市、台灣原住民還是其他人?(卡1) 訪員注意:籍貫以母親的爸爸為主。例如:若母親的爸爸是台灣閩南人、媽媽是台灣客家人,應勾選「(01)台灣閩南(河洛)人」。 □ (01)台灣閩南(河洛)人 □ (02)台灣客家人 □ (03)大陸各省市(戰後來台的人或其後代) □ (04)台灣原住民 □ (05)台灣新住民(經過跨國通婚而移民來台的非大陸籍新住民) □ (06)大陸籍配偶(開放兩岸探親後在台灣生活的配偶) □ (88)其他,請說明______【開放欄位】 □ (97)不知道 □ (98)拒答"
14,vA8,A8,match,,"1,88",97,98,,"1,88",97,98,,option code span including table,"A8‧請問您目前的婚姻狀況是什麼?(卡2) □ (01)單身且從沒結過婚 □ (02)已婚且與配偶同住 □ (03)已婚但沒有與配偶同住(因工作或求學暫時分開兩地居住) □ (04)分居(已婚夫妻因感情不睦而分居兩地) □ (05)同居(結婚前、離婚後或配偶去世後,目前與伴侶同居) □ (06)離婚 □ (07)配偶去世 □ (88)其他(例如配偶失蹤數年),請說明______【開放欄位】 □ (97)不知道 □ (98)拒答"
15,vA9,A9,match,,"1,88",97,98,,"1,88",97,98,,option code span including table,"A9‧請問您的教育程度是什麼?包含肄業、就學中。 訪員注意:改制前後的校名不同,請以畢業當時的文憑為主。例如:當初是五專畢業,但現在改制為大學,請勾選「(05)專科」。 □ (01)不識字 □ (02)自修/小學 □ (03)國(初)中/初職 □ (04)高中職(普通科/職業科/士官學校) □ (05)專科(五專/二專/三專/軍警校專修班/軍警校專科班/空中行專/空中商專) □ (06)大學(空大/軍警官校/軍警官大學/技術學院/科技大學/大學) □ (07)碩士 □ (08)博士 □ (88)其他,請說明______【開放欄位】 □ (97)不知道 □ (98)拒答 O、工作狀況篇"
16,vO1_1,,manual,no automatic proposal,"1,88",97,98,,,,,,no numeric range found,
17,vO1,,manual,no automatic proposal,,,,,,,,,no numeric range found,
18,vO2,,manual,no automatic proposal,,,,,,,,,no numeric range found,
19,vO3,,manual,no automatic proposal,,,,,,,,,no numeric range found,
20,vO4,,manual,no automatic proposal,,,,,,,,,no numeric range found,
21,vD1,D1,match,,"1,3",97,98,,"1,3",97,98,,option code span including table,"D1‧請問您平常有沒有在使用手機?不論是自己的手機或其他人的手機都算。 訪員注意: 1.包含上網(用LINE、看網路影片等)和非上網(傳簡訊、照相、看相簿照片等)行為。 2.這裡有「使用手機」是說眼睛必需看著手機螢幕,但在講電話時看不看螢幕都算。 3.不論傳統型或智慧型手機都算。 □ (01)有,主要使用自己的手機(門號名字是別人的也算) □ (02)有,主要使用父母、朋友等其他人的手機 □ (03)沒有 □ (97)不知道 □ (98)拒答"
22,vD2,D2,mismatch,existing r1-r4 differ from proposal,"0.5,7",95,97,98,95,97,98,,option code span including table,"D2‧請問您每週平均有幾天會使用手機?【數值題,可輸入小數點,範圍為0.5、1、1.5、2、2.5、3、3.5、4、4.5、5、5.5、6、6.5、7、95、97、98】【D1答(01)、(02)者,需回答此題】 訪員注意: 1.本題為數值題,若為區間請取「中間值」,例如:3~4天,請填入「3.5」天。 2.答案無法填答時(例如:一個月只使用1天)或每週平均用不到0.5天,請填入「95」。 ________天 □ (95)平均不到0.5天 □ (97)不知道 □ (98)拒答"
23,vD3,D3,match,,"1,2359",9797,9898,,"1,2359",9797,9898,,explicit numeric range,"D3‧在您有使用手機的那一天,您一整天大概會使用多久?使用手機是指「講電話」或「眼睛有看著手機螢幕」,例如使用LINE、看影片或照片等都算。【數值題,範圍:0001-2359、9797、9898】【D1答(01)、(02)者,需回答此題】 * 包含上網(用LINE、看網路影片等)和非上網(傳簡訊、照相、看相簿照片等)行為的時間總合。 * 請以發生頻率較高(天數較多)來回答一整天使用時間,不是填用最長的時間。例如星期一到星期四 都是3小時,星期五到星期日都是6小時,則頻率較高為星期一到星期四,請填入「0300」。 訪員注意: 1.本題為數值題,請填入4位數,例如2小時30分,請填入「0230」。"
24,vD4sD4,D4,mismatch,existing r1-r4 differ from proposal,"1,2",,,,"1,2359",9797,9898,,explicit numeric range,"D3‧在您有使用手機的那一天,您一整天大概會使用多久?使用手機是指「講電話」或「眼睛有看著手機螢幕」,例如使用LINE、看影片或照片等都算。【數值題,範圍:0001-2359、9797、9898】【D1答(01)、(02)者,需回答此題】 從來沒有 很少 有時 經常 (97) | 不知道 (98) | 拒答 D4 您多常不知不覺又開始滑手機 1□ 2□ 3□ 4□ □ □ D5 您多常使用完手機後沒多久,又發現自己開始滑手機 1□ 2□ 3□ 4□ □ □ D6 您多常在沒有辦法使用手機時,會很想使用手機 1□ 2□ 3□ 4□ □ □ D7 您多常因為使用手機而耽誤工作、課業或手邊正在做"
25,vD4sD5,D5,mismatch,existing r1-r4 differ from proposal,"1,2",,,,"1,2359",9797,9898,,explicit numeric range,"D3‧在您有使用手機的那一天,您一整天大概會使用多久?使用手機是指「講電話」或「眼睛有看著手機螢幕」,例如使用LINE、看影片或照片等都算。【數值題,範圍:0001-2359、9797、9898】【D1答(01)、(02)者,需回答此題】 從來沒有 很少 有時 經常 (97) | 不知道 (98) | 拒答 D4 您多常不知不覺又開始滑手機 1□ 2□ 3□ 4□ □ □ D5 您多常使用完手機後沒多久,又發現自己開始滑手機 1□ 2□ 3□ 4□ □ □ D6 您多常在沒有辦法使用手機時,會很想使用手機 1□ 2□ 3□ 4□ □ □ D7 您多常因為使用手機而耽誤工作、課業或手邊正在做"
26,vD4sD6,D6,mismatch,existing r1-r4 differ from proposal,"1,2",,,,"1,2359",9797,9898,,explicit numeric range,"D3‧在您有使用手機的那一天,您一整天大概會使用多久?使用手機是指「講電話」或「眼睛有看著手機螢幕」,例如使用LINE、看影片或照片等都算。【數值題,範圍:0001-2359、9797、9898】【D1答(01)、(02)者,需回答此題】 從來沒有 很少 有時 經常 (97) | 不知道 (98) | 拒答 D4 您多常不知不覺又開始滑手機 1□ 2□ 3□ 4□ □ □ D5 您多常使用完手機後沒多久,又發現自己開始滑手機 1□ 2□ 3□ 4□ □ □ D6 您多常在沒有辦法使用手機時,會很想使用手機 1□ 2□ 3□ 4□ □ □ D7 您多常因為使用手機而耽誤工作、課業或手邊正在做"
27,vD4sD7,D7,mismatch,existing r1-r4 differ from proposal,"1,2",,,,"1,2359",9797,9898,,explicit numeric range,"D3‧在您有使用手機的那一天,您一整天大概會使用多久?使用手機是指「講電話」或「眼睛有看著手機螢幕」,例如使用LINE、看影片或照片等都算。【數值題,範圍:0001-2359、9797、9898】【D1答(01)、(02)者,需回答此題】 從來沒有 很少 有時 經常 (97) | 不知道 (98) | 拒答 D4 您多常不知不覺又開始滑手機 1□ 2□ 3□ 4□ □ □ D5 您多常使用完手機後沒多久,又發現自己開始滑手機 1□ 2□ 3□ 4□ □ □ D6 您多常在沒有辦法使用手機時,會很想使用手機 1□ 2□ 3□ 4□ □ □ D7 您多常因為使用手機而耽誤工作、課業或手邊正在做"
28,vD4sD8,D8,mismatch,existing r1-r4 differ from proposal,"1,2",,,,"1,2359",9797,9898,,explicit numeric range,"D3‧在您有使用手機的那一天,您一整天大概會使用多久?使用手機是指「講電話」或「眼睛有看著手機螢幕」,例如使用LINE、看影片或照片等都算。【數值題,範圍:0001-2359、9797、9898】【D1答(01)、(02)者,需回答此題】 從來沒有 很少 有時 經常 (97) | 不知道 (98) | 拒答 D4 您多常不知不覺又開始滑手機 1□ 2□ 3□ 4□ □ □ D5 您多常使用完手機後沒多久,又發現自己開始滑手機 1□ 2□ 3□ 4□ □ □ D6 您多常在沒有辦法使用手機時,會很想使用手機 1□ 2□ 3□ 4□ □ □ D7 您多常因為使用手機而耽誤工作、課業或手邊正在做"
29,vK1m01,K1,match,,"0,1",,,,"0,1",,,,multiple-response binary,"K1‧請問您最近一個月有使用下列哪些網路平台或APP,私下(一對一)與人通話、視訊、或傳訊息?(可多選)(卡7) □ (01) LINE □ (02) FB Messenger(臉書聊天室) □ (03) Instagram(IG) □ (04) 微信WeChat □ (05) WhatsApp □ (06) Google Chat □ (07) Microsoft Teams □ (08) FaceTime □ (09) Telegram □ (10) Discord □ (11) 抖音(TikTok) □ (12) Dcard □ (13) Threads □ (88)其他,請說明____"
30,vK1m02,K1,match,,"0,1",,,,"0,1",,,,multiple-response binary,"K1‧請問您最近一個月有使用下列哪些網路平台或APP,私下(一對一)與人通話、視訊、或傳訊息?(可多選)(卡7) □ (01) LINE □ (02) FB Messenger(臉書聊天室) □ (03) Instagram(IG) □ (04) 微信WeChat □ (05) WhatsApp □ (06) Google Chat □ (07) Microsoft Teams □ (08) FaceTime □ (09) Telegram □ (10) Discord □ (11) 抖音(TikTok) □ (12) Dcard □ (13) Threads □ (88)其他,請說明____"
31,vK1m03,K1,match,,"0,1",,,,"0,1",,,,multiple-response binary,"K1‧請問您最近一個月有使用下列哪些網路平台或APP,私下(一對一)與人通話、視訊、或傳訊息?(可多選)(卡7) □ (01) LINE □ (02) FB Messenger(臉書聊天室) □ (03) Instagram(IG) □ (04) 微信WeChat □ (05) WhatsApp □ (06) Google Chat □ (07) Microsoft Teams □ (08) FaceTime □ (09) Telegram □ (10) Discord □ (11) 抖音(TikTok) □ (12) Dcard □ (13) Threads □ (88)其他,請說明____"
32,vK1m04,K1,match,,"0,1",,,,"0,1",,,,multiple-response binary,"K1‧請問您最近一個月有使用下列哪些網路平台或APP,私下(一對一)與人通話、視訊、或傳訊息?(可多選)(卡7) □ (01) LINE □ (02) FB Messenger(臉書聊天室) □ (03) Instagram(IG) □ (04) 微信WeChat □ (05) WhatsApp □ (06) Google Chat □ (07) Microsoft Teams □ (08) FaceTime □ (09) Telegram □ (10) Discord □ (11) 抖音(TikTok) □ (12) Dcard □ (13) Threads □ (88)其他,請說明____"
33,vK1m05,K1,match,,"0,1",,,,"0,1",,,,multiple-response binary,"K1‧請問您最近一個月有使用下列哪些網路平台或APP,私下(一對一)與人通話、視訊、或傳訊息?(可多選)(卡7) □ (01) LINE □ (02) FB Messenger(臉書聊天室) □ (03) Instagram(IG) □ (04) 微信WeChat □ (05) WhatsApp □ (06) Google Chat □ (07) Microsoft Teams □ (08) FaceTime □ (09) Telegram □ (10) Discord □ (11) 抖音(TikTok) □ (12) Dcard □ (13) Threads □ (88)其他,請說明____"
34,vK1m06,K1,match,,"0,1",,,,"0,1",,,,multiple-response binary,"K1‧請問您最近一個月有使用下列哪些網路平台或APP,私下(一對一)與人通話、視訊、或傳訊息?(可多選)(卡7) □ (01) LINE □ (02) FB Messenger(臉書聊天室) □ (03) Instagram(IG) □ (04) 微信WeChat □ (05) WhatsApp □ (06) Google Chat □ (07) Microsoft Teams □ (08) FaceTime □ (09) Telegram □ (10) Discord □ (11) 抖音(TikTok) □ (12) Dcard □ (13) Threads □ (88)其他,請說明____"
35,vK1m07,K1,match,,"0,1",,,,"0,1",,,,multiple-response binary,"K1‧請問您最近一個月有使用下列哪些網路平台或APP,私下(一對一)與人通話、視訊、或傳訊息?(可多選)(卡7) □ (01) LINE □ (02) FB Messenger(臉書聊天室) □ (03) Instagram(IG) □ (04) 微信WeChat □ (05) WhatsApp □ (06) Google Chat □ (07) Microsoft Teams □ (08) FaceTime □ (09) Telegram □ (10) Discord □ (11) 抖音(TikTok) □ (12) Dcard □ (13) Threads □ (88)其他,請說明____"
36,vK1m08,K1,match,,"0,1",,,,"0,1",,,,multiple-response binary,"K1‧請問您最近一個月有使用下列哪些網路平台或APP,私下(一對一)與人通話、視訊、或傳訊息?(可多選)(卡7) □ (01) LINE □ (02) FB Messenger(臉書聊天室) □ (03) Instagram(IG) □ (04) 微信WeChat □ (05) WhatsApp □ (06) Google Chat □ (07) Microsoft Teams □ (08) FaceTime □ (09) Telegram □ (10) Discord □ (11) 抖音(TikTok) □ (12) Dcard □ (13) Threads □ (88)其他,請說明____"
37,vK1m09,K1,match,,"0,1",,,,"0,1",,,,multiple-response binary,"K1‧請問您最近一個月有使用下列哪些網路平台或APP,私下(一對一)與人通話、視訊、或傳訊息?(可多選)(卡7) □ (01) LINE □ (02) FB Messenger(臉書聊天室) □ (03) Instagram(IG) □ (04) 微信WeChat □ (05) WhatsApp □ (06) Google Chat □ (07) Microsoft Teams □ (08) FaceTime □ (09) Telegram □ (10) Discord □ (11) 抖音(TikTok) □ (12) Dcard □ (13) Threads □ (88)其他,請說明____"
38,vK1m10,K1,match,,"0,1",96,,,"0,1",96,,,multiple-response binary,"K1‧請問您最近一個月有使用下列哪些網路平台或APP,私下(一對一)與人通話、視訊、或傳訊息?(可多選)(卡7) □ (01) LINE □ (02) FB Messenger(臉書聊天室) □ (03) Instagram(IG) □ (04) 微信WeChat □ (05) WhatsApp □ (06) Google Chat □ (07) Microsoft Teams □ (08) FaceTime □ (09) Telegram □ (10) Discord □ (11) 抖音(TikTok) □ (12) Dcard □ (13) Threads □ (88)其他,請說明____"
39,vK1m11,K1,match,,"0,1",96,,,"0,1",96,,,multiple-response binary,"K1‧請問您最近一個月有使用下列哪些網路平台或APP,私下(一對一)與人通話、視訊、或傳訊息?(可多選)(卡7) □ (01) LINE □ (02) FB Messenger(臉書聊天室) □ (03) Instagram(IG) □ (04) 微信WeChat □ (05) WhatsApp □ (06) Google Chat □ (07) Microsoft Teams □ (08) FaceTime □ (09) Telegram □ (10) Discord □ (11) 抖音(TikTok) □ (12) Dcard □ (13) Threads □ (88)其他,請說明____"
40,vK1m12,K1,match,,"0,1",96,,,"0,1",96,,,multiple-response binary,"K1‧請問您最近一個月有使用下列哪些網路平台或APP,私下(一對一)與人通話、視訊、或傳訊息?(可多選)(卡7) □ (01) LINE □ (02) FB Messenger(臉書聊天室) □ (03) Instagram(IG) □ (04) 微信WeChat □ (05) WhatsApp □ (06) Google Chat □ (07) Microsoft Teams □ (08) FaceTime □ (09) Telegram □ (10) Discord □ (11) 抖音(TikTok) □ (12) Dcard □ (13) Threads □ (88)其他,請說明____"
41,vK1m13,K1,match,,"0,1",96,,,"0,1",96,,,multiple-response binary,"K1‧請問您最近一個月有使用下列哪些網路平台或APP,私下(一對一)與人通話、視訊、或傳訊息?(可多選)(卡7) □ (01) LINE □ (02) FB Messenger(臉書聊天室) □ (03) Instagram(IG) □ (04) 微信WeChat □ (05) WhatsApp □ (06) Google Chat □ (07) Microsoft Teams □ (08) FaceTime □ (09) Telegram □ (10) Discord □ (11) 抖音(TikTok) □ (12) Dcard □ (13) Threads □ (88)其他,請說明____"
42,vK1m88,K1,match,,"0,1",96,,,"0,1",96,,,multiple-response binary,"K1‧請問您最近一個月有使用下列哪些網路平台或APP,私下(一對一)與人通話、視訊、或傳訊息?(可多選)(卡7) □ (01) LINE □ (02) FB Messenger(臉書聊天室) □ (03) Instagram(IG) □ (04) 微信WeChat □ (05) WhatsApp □ (06) Google Chat □ (07) Microsoft Teams □ (08) FaceTime □ (09) Telegram □ (10) Discord □ (11) 抖音(TikTok) □ (12) Dcard □ (13) Threads □ (88)其他,請說明____"
43,vK1m90,K1,match,,"0,1",96,,,"0,1",96,,,multiple-response binary,"K1‧請問您最近一個月有使用下列哪些網路平台或APP,私下(一對一)與人通話、視訊、或傳訊息?(可多選)(卡7) □ (01) LINE □ (02) FB Messenger(臉書聊天室) □ (03) Instagram(IG) □ (04) 微信WeChat □ (05) WhatsApp □ (06) Google Chat □ (07) Microsoft Teams □ (08) FaceTime □ (09) Telegram □ (10) Discord □ (11) 抖音(TikTok) □ (12) Dcard □ (13) Threads □ (88)其他,請說明____"
44,vK2m01,K2,match,,"0,1",,,,"0,1",,,,multiple-response binary,"K2‧除了私下(一對一)聯絡,請問您最近一個月有使用下列哪些網路平台或APP,公開(一對多)和人互動,像是看朋友或其他人的動態、自己PO文、按讚、留言?(可多選)(卡8) 訪員注意: 1.若只是在LINE、FB、IG上看到標註抖音(TikTok)的影片,不算有使用,要有用抖音APP或在網頁版上觀看才算有使用。 2.不論是透過手機、平板或電腦使用社群媒體都算。 □ (01)臉書(Facebook) □ (02)Instagram(IG) □ (03) X (原Twitter,推特) □ (04)LinkedIn □ (05)微博 □ (06)噗浪(Plurk) □ (07)抖音(TikTok) "
45,vK2m02,K2,match,,"0,1",,,,"0,1",,,,multiple-response binary,"K2‧除了私下(一對一)聯絡,請問您最近一個月有使用下列哪些網路平台或APP,公開(一對多)和人互動,像是看朋友或其他人的動態、自己PO文、按讚、留言?(可多選)(卡8) 訪員注意: 1.若只是在LINE、FB、IG上看到標註抖音(TikTok)的影片,不算有使用,要有用抖音APP或在網頁版上觀看才算有使用。 2.不論是透過手機、平板或電腦使用社群媒體都算。 □ (01)臉書(Facebook) □ (02)Instagram(IG) □ (03) X (原Twitter,推特) □ (04)LinkedIn □ (05)微博 □ (06)噗浪(Plurk) □ (07)抖音(TikTok) "
46,vK2m03,K2,match,,"0,1",,,,"0,1",,,,multiple-response binary,"K2‧除了私下(一對一)聯絡,請問您最近一個月有使用下列哪些網路平台或APP,公開(一對多)和人互動,像是看朋友或其他人的動態、自己PO文、按讚、留言?(可多選)(卡8) 訪員注意: 1.若只是在LINE、FB、IG上看到標註抖音(TikTok)的影片,不算有使用,要有用抖音APP或在網頁版上觀看才算有使用。 2.不論是透過手機、平板或電腦使用社群媒體都算。 □ (01)臉書(Facebook) □ (02)Instagram(IG) □ (03) X (原Twitter,推特) □ (04)LinkedIn □ (05)微博 □ (06)噗浪(Plurk) □ (07)抖音(TikTok) "
47,vK2m04,K2,match,,"0,1",,,,"0,1",,,,multiple-response binary,"K2‧除了私下(一對一)聯絡,請問您最近一個月有使用下列哪些網路平台或APP,公開(一對多)和人互動,像是看朋友或其他人的動態、自己PO文、按讚、留言?(可多選)(卡8) 訪員注意: 1.若只是在LINE、FB、IG上看到標註抖音(TikTok)的影片,不算有使用,要有用抖音APP或在網頁版上觀看才算有使用。 2.不論是透過手機、平板或電腦使用社群媒體都算。 □ (01)臉書(Facebook) □ (02)Instagram(IG) □ (03) X (原Twitter,推特) □ (04)LinkedIn □ (05)微博 □ (06)噗浪(Plurk) □ (07)抖音(TikTok) "
48,vK2m05,K2,match,,"0,1",,,,"0,1",,,,multiple-response binary,"K2‧除了私下(一對一)聯絡,請問您最近一個月有使用下列哪些網路平台或APP,公開(一對多)和人互動,像是看朋友或其他人的動態、自己PO文、按讚、留言?(可多選)(卡8) 訪員注意: 1.若只是在LINE、FB、IG上看到標註抖音(TikTok)的影片,不算有使用,要有用抖音APP或在網頁版上觀看才算有使用。 2.不論是透過手機、平板或電腦使用社群媒體都算。 □ (01)臉書(Facebook) □ (02)Instagram(IG) □ (03) X (原Twitter,推特) □ (04)LinkedIn □ (05)微博 □ (06)噗浪(Plurk) □ (07)抖音(TikTok) "
49,vK2m06,K2,match,,"0,1",,,,"0,1",,,,multiple-response binary,"K2‧除了私下(一對一)聯絡,請問您最近一個月有使用下列哪些網路平台或APP,公開(一對多)和人互動,像是看朋友或其他人的動態、自己PO文、按讚、留言?(可多選)(卡8) 訪員注意: 1.若只是在LINE、FB、IG上看到標註抖音(TikTok)的影片,不算有使用,要有用抖音APP或在網頁版上觀看才算有使用。 2.不論是透過手機、平板或電腦使用社群媒體都算。 □ (01)臉書(Facebook) □ (02)Instagram(IG) □ (03) X (原Twitter,推特) □ (04)LinkedIn □ (05)微博 □ (06)噗浪(Plurk) □ (07)抖音(TikTok) "
50,vK2m07,K2,match,,"0,1",,,,"0,1",,,,multiple-response binary,"K2‧除了私下(一對一)聯絡,請問您最近一個月有使用下列哪些網路平台或APP,公開(一對多)和人互動,像是看朋友或其他人的動態、自己PO文、按讚、留言?(可多選)(卡8) 訪員注意: 1.若只是在LINE、FB、IG上看到標註抖音(TikTok)的影片,不算有使用,要有用抖音APP或在網頁版上觀看才算有使用。 2.不論是透過手機、平板或電腦使用社群媒體都算。 □ (01)臉書(Facebook) □ (02)Instagram(IG) □ (03) X (原Twitter,推特) □ (04)LinkedIn □ (05)微博 □ (06)噗浪(Plurk) □ (07)抖音(TikTok) "
51,vK2m08,K2,match,,"0,1",,,,"0,1",,,,multiple-response binary,"K2‧除了私下(一對一)聯絡,請問您最近一個月有使用下列哪些網路平台或APP,公開(一對多)和人互動,像是看朋友或其他人的動態、自己PO文、按讚、留言?(可多選)(卡8) 訪員注意: 1.若只是在LINE、FB、IG上看到標註抖音(TikTok)的影片,不算有使用,要有用抖音APP或在網頁版上觀看才算有使用。 2.不論是透過手機、平板或電腦使用社群媒體都算。 □ (01)臉書(Facebook) □ (02)Instagram(IG) □ (03) X (原Twitter,推特) □ (04)LinkedIn □ (05)微博 □ (06)噗浪(Plurk) □ (07)抖音(TikTok) "
52,vK2m09,K2,match,,"0,1",,,,"0,1",,,,multiple-response binary,"K2‧除了私下(一對一)聯絡,請問您最近一個月有使用下列哪些網路平台或APP,公開(一對多)和人互動,像是看朋友或其他人的動態、自己PO文、按讚、留言?(可多選)(卡8) 訪員注意: 1.若只是在LINE、FB、IG上看到標註抖音(TikTok)的影片,不算有使用,要有用抖音APP或在網頁版上觀看才算有使用。 2.不論是透過手機、平板或電腦使用社群媒體都算。 □ (01)臉書(Facebook) □ (02)Instagram(IG) □ (03) X (原Twitter,推特) □ (04)LinkedIn □ (05)微博 □ (06)噗浪(Plurk) □ (07)抖音(TikTok) "
53,vK2m11,K2,match,,"0,1",96,,,"0,1",96,,,multiple-response binary,"K2‧除了私下(一對一)聯絡,請問您最近一個月有使用下列哪些網路平台或APP,公開(一對多)和人互動,像是看朋友或其他人的動態、自己PO文、按讚、留言?(可多選)(卡8) 訪員注意: 1.若只是在LINE、FB、IG上看到標註抖音(TikTok)的影片,不算有使用,要有用抖音APP或在網頁版上觀看才算有使用。 2.不論是透過手機、平板或電腦使用社群媒體都算。 □ (01)臉書(Facebook) □ (02)Instagram(IG) □ (03) X (原Twitter,推特) □ (04)LinkedIn □ (05)微博 □ (06)噗浪(Plurk) □ (07)抖音(TikTok) "
54,vK2m12,K2,match,,"0,1",96,,,"0,1",96,,,multiple-response binary,"K2‧除了私下(一對一)聯絡,請問您最近一個月有使用下列哪些網路平台或APP,公開(一對多)和人互動,像是看朋友或其他人的動態、自己PO文、按讚、留言?(可多選)(卡8) 訪員注意: 1.若只是在LINE、FB、IG上看到標註抖音(TikTok)的影片,不算有使用,要有用抖音APP或在網頁版上觀看才算有使用。 2.不論是透過手機、平板或電腦使用社群媒體都算。 □ (01)臉書(Facebook) □ (02)Instagram(IG) □ (03) X (原Twitter,推特) □ (04)LinkedIn □ (05)微博 □ (06)噗浪(Plurk) □ (07)抖音(TikTok) "
55,vK2m13,K2,match,,"0,1",96,,,"0,1",96,,,multiple-response binary,"K2‧除了私下(一對一)聯絡,請問您最近一個月有使用下列哪些網路平台或APP,公開(一對多)和人互動,像是看朋友或其他人的動態、自己PO文、按讚、留言?(可多選)(卡8) 訪員注意: 1.若只是在LINE、FB、IG上看到標註抖音(TikTok)的影片,不算有使用,要有用抖音APP或在網頁版上觀看才算有使用。 2.不論是透過手機、平板或電腦使用社群媒體都算。 □ (01)臉書(Facebook) □ (02)Instagram(IG) □ (03) X (原Twitter,推特) □ (04)LinkedIn □ (05)微博 □ (06)噗浪(Plurk) □ (07)抖音(TikTok) "
56,vK2m88,K2,match,,"0,1",96,,,"0,1",96,,,multiple-response binary,"K2‧除了私下(一對一)聯絡,請問您最近一個月有使用下列哪些網路平台或APP,公開(一對多)和人互動,像是看朋友或其他人的動態、自己PO文、按讚、留言?(可多選)(卡8) 訪員注意: 1.若只是在LINE、FB、IG上看到標註抖音(TikTok)的影片,不算有使用,要有用抖音APP或在網頁版上觀看才算有使用。 2.不論是透過手機、平板或電腦使用社群媒體都算。 □ (01)臉書(Facebook) □ (02)Instagram(IG) □ (03) X (原Twitter,推特) □ (04)LinkedIn □ (05)微博 □ (06)噗浪(Plurk) □ (07)抖音(TikTok) "
57,vK2m90,K2,match,,"0,1",96,,,"0,1",96,,,multiple-response binary,"K2‧除了私下(一對一)聯絡,請問您最近一個月有使用下列哪些網路平台或APP,公開(一對多)和人互動,像是看朋友或其他人的動態、自己PO文、按讚、留言?(可多選)(卡8) 訪員注意: 1.若只是在LINE、FB、IG上看到標註抖音(TikTok)的影片,不算有使用,要有用抖音APP或在網頁版上觀看才算有使用。 2.不論是透過手機、平板或電腦使用社群媒體都算。 □ (01)臉書(Facebook) □ (02)Instagram(IG) □ (03) X (原Twitter,推特) □ (04)LinkedIn □ (05)微博 □ (06)噗浪(Plurk) □ (07)抖音(TikTok) "
58,vE17,E17,match,,"1,88",97,98,,"1,88",97,98,,option code span including table,"E17‧請問您平常主要是透過手機、平板或電腦使用LINE?【K1答(01)者,或K2答(13)者,才需回答此題】 訪員注意:如果是用手機連到電視螢幕,依然認定是透過「手機」使用LINE。 □ (01)手機【與D1答(03)互斥】 □ (02)平板 □ (03)電腦(包括桌機與筆電) □ (88)其他,請說明______【開放欄位】 □ (97)不知道 □ (98)拒答"
59,vKLI1,KLI1,mismatch,existing r1-r4 differ from proposal,"0.5,7",95,97,98,95,97,98,,option code span including table,"KLI1‧請問您每週平均有幾天使用LINE?【數值題,可輸入小數點,範圍為0.5、1、1.5、2、2.5、3、3.5、4、4.5、5、5.5、6、6.5、7、95、97、98】【K1答(01)者,或K2答(13)者,才需回答此題】 * 用LINE包含與親友傳訊息、通話、看LINE today新聞、用LINE購物等。 訪員注意: 1.本題為數值題,若為區間請取「中間值」,例如:3~4天,請填入「3.5」天。 2.答案無法填答時(例如:一個月只看1天)或每週平均用不到0.5天,請填入「95」。 ________天 □ (95)每週平均用不到0.5天 □ (97)不知道 □ (98)拒答"
60,vKLI2,KLI2,match,,"1,2359",9797,9898,,"1,2359",9797,9898,,explicit numeric range,"KLI2‧在您有使用LINE的那一天,您一整天大概會使用多久(要真的有在用LINE傳訊息、通話、看LINE Today的時間)?【數值題,範圍:0001-2359、9797、9898】【K1答(01)者,或K2答(13)者,才需回答此題】 * 若使用時間很分散,只要有空就會用,請受訪者儘量回想在什麼場合會用LINE,如:通勤、睡前 等,將這些時間進行加總。 * 請以發生頻率較高(天數較多)來回答一整天看的時間,不是填看最長的時間。例如星期一到星期四都是3小時,星期五到星期日都是6小時,則頻率較高為星期一到星期四,答案填入「0300」。 訪員注意: 1.本題為數值題,請填入4位數,例如2小時30"
61,vKFB1,KFB1,mismatch,existing r1-r4 differ from proposal,"0.5,7",95,97,98,95,97,98,,option code span including table,"KFB1‧請問您每週平均有幾天使用臉書(Facebook),包含臉書聊天室(FB Messenger)也算?【數值題,可輸入小數點,範圍為0.5、1、1.5、2、2.5、3、3.5、4、4.5、5、5.5、6、6.5、7、95、97、98】【K1答(02)者,或K2答(01)者,才需回答此題】 訪員注意: 1.本題為數值題,若為區間請取「中間值」,例如:3~4天,請填入「3.5」天。 2.答案無法填答時(例如:一個月只看1天)或每週平均用不到0.5天,請填入「95」。 ________天 □ (95)每週平均用不到0.5天 □ (97)不知道 □ (98)拒答"
62,vKFB2,KFB2,match,,"1,2359",9797,9898,,"1,2359",9797,9898,,explicit numeric range,"KFB2‧在您有使用臉書(Facebook),包含臉書聊天室(FB Messenger)的那一天,您一整天大概會使用多久(真的有在用的時間)?【數值題,範圍:0001-2359、9797、9898】【K1答(02)者,或K2答(01)者,才需回答此題】 * 若使用時間很分散,只要有空就會用,請受訪者儘量回想在什麼場合會用臉書(Facebook),如:通勤、睡前等,將這些時間進行加總。 * 請以發生頻率較高(天數較多)來回答一整天看的時間,不是填看最長的時間。例如星期一到星期四都是3小時,星期五到星期日都是6小時,則頻率較高為星期一到星期四,答案填入「0300」。 訪員注意: 1.本題為數值題,"
63,vKFB3m01,KFB3,match,,"0,1",,,,"0,1",,,,multiple-response binary,"KFB3‧請問您使用臉書(Facebook)主要的原因或動機是什麼呢?(可多選)(卡9)【K1答(02)者,或K2答(01)者,才需回答此題】 □ (01)聯絡事情 □ (02)維持與親友之間的關係 □ (03)交新朋友 □ (04)與朋友分享心情 □ (05)與朋友分享生活點滴 □ (06)怕漏掉親友間發生的事情或話題 □ (07)查看一些您有興趣的人(包括認識與不認識都算,例如網紅)的動態資訊 □ (08)接觸有興趣的事物 □ (09)工作(有支薪)或課業所需 □ (10)獲得新資訊 □ (11)學習新事物 □ (12)記錄生活點滴(例如:旅遊、食物、健身等拍照上傳) □ (13)分享時事"
64,vKFB3m02,KFB3,match,,"0,1",,,,"0,1",,,,multiple-response binary,"KFB3‧請問您使用臉書(Facebook)主要的原因或動機是什麼呢?(可多選)(卡9)【K1答(02)者,或K2答(01)者,才需回答此題】 □ (01)聯絡事情 □ (02)維持與親友之間的關係 □ (03)交新朋友 □ (04)與朋友分享心情 □ (05)與朋友分享生活點滴 □ (06)怕漏掉親友間發生的事情或話題 □ (07)查看一些您有興趣的人(包括認識與不認識都算,例如網紅)的動態資訊 □ (08)接觸有興趣的事物 □ (09)工作(有支薪)或課業所需 □ (10)獲得新資訊 □ (11)學習新事物 □ (12)記錄生活點滴(例如:旅遊、食物、健身等拍照上傳) □ (13)分享時事"
65,vKFB3m03,KFB3,match,,"0,1",,,,"0,1",,,,multiple-response binary,"KFB3‧請問您使用臉書(Facebook)主要的原因或動機是什麼呢?(可多選)(卡9)【K1答(02)者,或K2答(01)者,才需回答此題】 □ (01)聯絡事情 □ (02)維持與親友之間的關係 □ (03)交新朋友 □ (04)與朋友分享心情 □ (05)與朋友分享生活點滴 □ (06)怕漏掉親友間發生的事情或話題 □ (07)查看一些您有興趣的人(包括認識與不認識都算,例如網紅)的動態資訊 □ (08)接觸有興趣的事物 □ (09)工作(有支薪)或課業所需 □ (10)獲得新資訊 □ (11)學習新事物 □ (12)記錄生活點滴(例如:旅遊、食物、健身等拍照上傳) □ (13)分享時事"
66,vKFB3m04,KFB3,match,,"0,1",,,,"0,1",,,,multiple-response binary,"KFB3‧請問您使用臉書(Facebook)主要的原因或動機是什麼呢?(可多選)(卡9)【K1答(02)者,或K2答(01)者,才需回答此題】 □ (01)聯絡事情 □ (02)維持與親友之間的關係 □ (03)交新朋友 □ (04)與朋友分享心情 □ (05)與朋友分享生活點滴 □ (06)怕漏掉親友間發生的事情或話題 □ (07)查看一些您有興趣的人(包括認識與不認識都算,例如網紅)的動態資訊 □ (08)接觸有興趣的事物 □ (09)工作(有支薪)或課業所需 □ (10)獲得新資訊 □ (11)學習新事物 □ (12)記錄生活點滴(例如:旅遊、食物、健身等拍照上傳) □ (13)分享時事"
67,vKFB3m05,KFB3,match,,"0,1",,,,"0,1",,,,multiple-response binary,"KFB3‧請問您使用臉書(Facebook)主要的原因或動機是什麼呢?(可多選)(卡9)【K1答(02)者,或K2答(01)者,才需回答此題】 □ (01)聯絡事情 □ (02)維持與親友之間的關係 □ (03)交新朋友 □ (04)與朋友分享心情 □ (05)與朋友分享生活點滴 □ (06)怕漏掉親友間發生的事情或話題 □ (07)查看一些您有興趣的人(包括認識與不認識都算,例如網紅)的動態資訊 □ (08)接觸有興趣的事物 □ (09)工作(有支薪)或課業所需 □ (10)獲得新資訊 □ (11)學習新事物 □ (12)記錄生活點滴(例如:旅遊、食物、健身等拍照上傳) □ (13)分享時事"
68,vKFB3m06,KFB3,match,,"0,1",,,,"0,1",,,,multiple-response binary,"KFB3‧請問您使用臉書(Facebook)主要的原因或動機是什麼呢?(可多選)(卡9)【K1答(02)者,或K2答(01)者,才需回答此題】 □ (01)聯絡事情 □ (02)維持與親友之間的關係 □ (03)交新朋友 □ (04)與朋友分享心情 □ (05)與朋友分享生活點滴 □ (06)怕漏掉親友間發生的事情或話題 □ (07)查看一些您有興趣的人(包括認識與不認識都算,例如網紅)的動態資訊 □ (08)接觸有興趣的事物 □ (09)工作(有支薪)或課業所需 □ (10)獲得新資訊 □ (11)學習新事物 □ (12)記錄生活點滴(例如:旅遊、食物、健身等拍照上傳) □ (13)分享時事"
69,vKFB3m07,KFB3,match,,"0,1",,,,"0,1",,,,multiple-response binary,"KFB3‧請問您使用臉書(Facebook)主要的原因或動機是什麼呢?(可多選)(卡9)【K1答(02)者,或K2答(01)者,才需回答此題】 □ (01)聯絡事情 □ (02)維持與親友之間的關係 □ (03)交新朋友 □ (04)與朋友分享心情 □ (05)與朋友分享生活點滴 □ (06)怕漏掉親友間發生的事情或話題 □ (07)查看一些您有興趣的人(包括認識與不認識都算,例如網紅)的動態資訊 □ (08)接觸有興趣的事物 □ (09)工作(有支薪)或課業所需 □ (10)獲得新資訊 □ (11)學習新事物 □ (12)記錄生活點滴(例如:旅遊、食物、健身等拍照上傳) □ (13)分享時事"
70,vKFB3m08,KFB3,match,,"0,1",,,,"0,1",,,,multiple-response binary,"KFB3‧請問您使用臉書(Facebook)主要的原因或動機是什麼呢?(可多選)(卡9)【K1答(02)者,或K2答(01)者,才需回答此題】 □ (01)聯絡事情 □ (02)維持與親友之間的關係 □ (03)交新朋友 □ (04)與朋友分享心情 □ (05)與朋友分享生活點滴 □ (06)怕漏掉親友間發生的事情或話題 □ (07)查看一些您有興趣的人(包括認識與不認識都算,例如網紅)的動態資訊 □ (08)接觸有興趣的事物 □ (09)工作(有支薪)或課業所需 □ (10)獲得新資訊 □ (11)學習新事物 □ (12)記錄生活點滴(例如:旅遊、食物、健身等拍照上傳) □ (13)分享時事"
71,vKFB3m09,KFB3,match,,"0,1",,,,"0,1",,,,multiple-response binary,"KFB3‧請問您使用臉書(Facebook)主要的原因或動機是什麼呢?(可多選)(卡9)【K1答(02)者,或K2答(01)者,才需回答此題】 □ (01)聯絡事情 □ (02)維持與親友之間的關係 □ (03)交新朋友 □ (04)與朋友分享心情 □ (05)與朋友分享生活點滴 □ (06)怕漏掉親友間發生的事情或話題 □ (07)查看一些您有興趣的人(包括認識與不認識都算,例如網紅)的動態資訊 □ (08)接觸有興趣的事物 □ (09)工作(有支薪)或課業所需 □ (10)獲得新資訊 □ (11)學習新事物 □ (12)記錄生活點滴(例如:旅遊、食物、健身等拍照上傳) □ (13)分享時事"
72,vKFB3m10,KFB3,match,,"0,1",96,,,"0,1",96,,,multiple-response binary,"KFB3‧請問您使用臉書(Facebook)主要的原因或動機是什麼呢?(可多選)(卡9)【K1答(02)者,或K2答(01)者,才需回答此題】 □ (01)聯絡事情 □ (02)維持與親友之間的關係 □ (03)交新朋友 □ (04)與朋友分享心情 □ (05)與朋友分享生活點滴 □ (06)怕漏掉親友間發生的事情或話題 □ (07)查看一些您有興趣的人(包括認識與不認識都算,例如網紅)的動態資訊 □ (08)接觸有興趣的事物 □ (09)工作(有支薪)或課業所需 □ (10)獲得新資訊 □ (11)學習新事物 □ (12)記錄生活點滴(例如:旅遊、食物、健身等拍照上傳) □ (13)分享時事"
73,vKFB3m11,KFB3,match,,"0,1",96,,,"0,1",96,,,multiple-response binary,"KFB3‧請問您使用臉書(Facebook)主要的原因或動機是什麼呢?(可多選)(卡9)【K1答(02)者,或K2答(01)者,才需回答此題】 □ (01)聯絡事情 □ (02)維持與親友之間的關係 □ (03)交新朋友 □ (04)與朋友分享心情 □ (05)與朋友分享生活點滴 □ (06)怕漏掉親友間發生的事情或話題 □ (07)查看一些您有興趣的人(包括認識與不認識都算,例如網紅)的動態資訊 □ (08)接觸有興趣的事物 □ (09)工作(有支薪)或課業所需 □ (10)獲得新資訊 □ (11)學習新事物 □ (12)記錄生活點滴(例如:旅遊、食物、健身等拍照上傳) □ (13)分享時事"
74,vKFB3m12,KFB3,match,,"0,1",96,,,"0,1",96,,,multiple-response binary,"KFB3‧請問您使用臉書(Facebook)主要的原因或動機是什麼呢?(可多選)(卡9)【K1答(02)者,或K2答(01)者,才需回答此題】 □ (01)聯絡事情 □ (02)維持與親友之間的關係 □ (03)交新朋友 □ (04)與朋友分享心情 □ (05)與朋友分享生活點滴 □ (06)怕漏掉親友間發生的事情或話題 □ (07)查看一些您有興趣的人(包括認識與不認識都算,例如網紅)的動態資訊 □ (08)接觸有興趣的事物 □ (09)工作(有支薪)或課業所需 □ (10)獲得新資訊 □ (11)學習新事物 □ (12)記錄生活點滴(例如:旅遊、食物、健身等拍照上傳) □ (13)分享時事"
75,vKFB3m13,KFB3,match,,"0,1",96,,,"0,1",96,,,multiple-response binary,"KFB3‧請問您使用臉書(Facebook)主要的原因或動機是什麼呢?(可多選)(卡9)【K1答(02)者,或K2答(01)者,才需回答此題】 □ (01)聯絡事情 □ (02)維持與親友之間的關係 □ (03)交新朋友 □ (04)與朋友分享心情 □ (05)與朋友分享生活點滴 □ (06)怕漏掉親友間發生的事情或話題 □ (07)查看一些您有興趣的人(包括認識與不認識都算,例如網紅)的動態資訊 □ (08)接觸有興趣的事物 □ (09)工作(有支薪)或課業所需 □ (10)獲得新資訊 □ (11)學習新事物 □ (12)記錄生活點滴(例如:旅遊、食物、健身等拍照上傳) □ (13)分享時事"
76,vKFB3m14,KFB3,match,,"0,1",96,,,"0,1",96,,,multiple-response binary,"KFB3‧請問您使用臉書(Facebook)主要的原因或動機是什麼呢?(可多選)(卡9)【K1答(02)者,或K2答(01)者,才需回答此題】 □ (01)聯絡事情 □ (02)維持與親友之間的關係 □ (03)交新朋友 □ (04)與朋友分享心情 □ (05)與朋友分享生活點滴 □ (06)怕漏掉親友間發生的事情或話題 □ (07)查看一些您有興趣的人(包括認識與不認識都算,例如網紅)的動態資訊 □ (08)接觸有興趣的事物 □ (09)工作(有支薪)或課業所需 □ (10)獲得新資訊 □ (11)學習新事物 □ (12)記錄生活點滴(例如:旅遊、食物、健身等拍照上傳) □ (13)分享時事"
77,vKFB3m15,KFB3,match,,"0,1",96,,,"0,1",96,,,multiple-response binary,"KFB3‧請問您使用臉書(Facebook)主要的原因或動機是什麼呢?(可多選)(卡9)【K1答(02)者,或K2答(01)者,才需回答此題】 □ (01)聯絡事情 □ (02)維持與親友之間的關係 □ (03)交新朋友 □ (04)與朋友分享心情 □ (05)與朋友分享生活點滴 □ (06)怕漏掉親友間發生的事情或話題 □ (07)查看一些您有興趣的人(包括認識與不認識都算,例如網紅)的動態資訊 □ (08)接觸有興趣的事物 □ (09)工作(有支薪)或課業所需 □ (10)獲得新資訊 □ (11)學習新事物 □ (12)記錄生活點滴(例如:旅遊、食物、健身等拍照上傳) □ (13)分享時事"
78,vKFB3m16,KFB3,match,,"0,1",96,,,"0,1",96,,,multiple-response binary,"KFB3‧請問您使用臉書(Facebook)主要的原因或動機是什麼呢?(可多選)(卡9)【K1答(02)者,或K2答(01)者,才需回答此題】 □ (01)聯絡事情 □ (02)維持與親友之間的關係 □ (03)交新朋友 □ (04)與朋友分享心情 □ (05)與朋友分享生活點滴 □ (06)怕漏掉親友間發生的事情或話題 □ (07)查看一些您有興趣的人(包括認識與不認識都算,例如網紅)的動態資訊 □ (08)接觸有興趣的事物 □ (09)工作(有支薪)或課業所需 □ (10)獲得新資訊 □ (11)學習新事物 □ (12)記錄生活點滴(例如:旅遊、食物、健身等拍照上傳) □ (13)分享時事"
79,vKFB3m17,KFB3,match,,"0,1",96,,,"0,1",96,,,multiple-response binary,"KFB3‧請問您使用臉書(Facebook)主要的原因或動機是什麼呢?(可多選)(卡9)【K1答(02)者,或K2答(01)者,才需回答此題】 □ (01)聯絡事情 □ (02)維持與親友之間的關係 □ (03)交新朋友 □ (04)與朋友分享心情 □ (05)與朋友分享生活點滴 □ (06)怕漏掉親友間發生的事情或話題 □ (07)查看一些您有興趣的人(包括認識與不認識都算,例如網紅)的動態資訊 □ (08)接觸有興趣的事物 □ (09)工作(有支薪)或課業所需 □ (10)獲得新資訊 □ (11)學習新事物 □ (12)記錄生活點滴(例如:旅遊、食物、健身等拍照上傳) □ (13)分享時事"
80,vKFB3m88,KFB3,match,,"0,1",96,,,"0,1",96,,,multiple-response binary,"KFB3‧請問您使用臉書(Facebook)主要的原因或動機是什麼呢?(可多選)(卡9)【K1答(02)者,或K2答(01)者,才需回答此題】 □ (01)聯絡事情 □ (02)維持與親友之間的關係 □ (03)交新朋友 □ (04)與朋友分享心情 □ (05)與朋友分享生活點滴 □ (06)怕漏掉親友間發生的事情或話題 □ (07)查看一些您有興趣的人(包括認識與不認識都算,例如網紅)的動態資訊 □ (08)接觸有興趣的事物 □ (09)工作(有支薪)或課業所需 □ (10)獲得新資訊 □ (11)學習新事物 □ (12)記錄生活點滴(例如:旅遊、食物、健身等拍照上傳) □ (13)分享時事"
81,vKFB4m01,KFB4,match,,"0,1",,,,"0,1",,,,multiple-response binary,"KFB4‧請問您平常會在臉書(Facebook)上做哪些事情呢?(可多選)(卡10)【K1答(02)者,或K2答(01)者,才需回答此題】 □ (01)撰寫貼文(包含文字、相片、影片、打卡、網誌、相簿等) □ (02)分享或轉傳貼文(包含文字、相片、影片、打卡、網誌、相簿等) □ (03)開直播 □ (04)在別人貼文底下留言或按讚 □ (05)在社團內留言給其他人或按讚 □ (06)看朋友的貼文(包含文字、相片、影片、打卡、網誌、相簿等) □ (07)看朋友所分享或轉傳的貼文(包含文字、相片、影片、打卡、網誌、相簿等) □ (08)看直播(無論朋友、名人或網紅的直播,內容包括吃美食、打電動、"
82,vKFB4m02,KFB4,match,,"0,1",,,,"0,1",,,,multiple-response binary,"KFB4‧請問您平常會在臉書(Facebook)上做哪些事情呢?(可多選)(卡10)【K1答(02)者,或K2答(01)者,才需回答此題】 □ (01)撰寫貼文(包含文字、相片、影片、打卡、網誌、相簿等) □ (02)分享或轉傳貼文(包含文字、相片、影片、打卡、網誌、相簿等) □ (03)開直播 □ (04)在別人貼文底下留言或按讚 □ (05)在社團內留言給其他人或按讚 □ (06)看朋友的貼文(包含文字、相片、影片、打卡、網誌、相簿等) □ (07)看朋友所分享或轉傳的貼文(包含文字、相片、影片、打卡、網誌、相簿等) □ (08)看直播(無論朋友、名人或網紅的直播,內容包括吃美食、打電動、"
83,vKFB4m03,KFB4,match,,"0,1",,,,"0,1",,,,multiple-response binary,"KFB4‧請問您平常會在臉書(Facebook)上做哪些事情呢?(可多選)(卡10)【K1答(02)者,或K2答(01)者,才需回答此題】 □ (01)撰寫貼文(包含文字、相片、影片、打卡、網誌、相簿等) □ (02)分享或轉傳貼文(包含文字、相片、影片、打卡、網誌、相簿等) □ (03)開直播 □ (04)在別人貼文底下留言或按讚 □ (05)在社團內留言給其他人或按讚 □ (06)看朋友的貼文(包含文字、相片、影片、打卡、網誌、相簿等) □ (07)看朋友所分享或轉傳的貼文(包含文字、相片、影片、打卡、網誌、相簿等) □ (08)看直播(無論朋友、名人或網紅的直播,內容包括吃美食、打電動、"
84,vKFB4m04,KFB4,match,,"0,1",,,,"0,1",,,,multiple-response binary,"KFB4‧請問您平常會在臉書(Facebook)上做哪些事情呢?(可多選)(卡10)【K1答(02)者,或K2答(01)者,才需回答此題】 □ (01)撰寫貼文(包含文字、相片、影片、打卡、網誌、相簿等) □ (02)分享或轉傳貼文(包含文字、相片、影片、打卡、網誌、相簿等) □ (03)開直播 □ (04)在別人貼文底下留言或按讚 □ (05)在社團內留言給其他人或按讚 □ (06)看朋友的貼文(包含文字、相片、影片、打卡、網誌、相簿等) □ (07)看朋友所分享或轉傳的貼文(包含文字、相片、影片、打卡、網誌、相簿等) □ (08)看直播(無論朋友、名人或網紅的直播,內容包括吃美食、打電動、"
85,vKFB4m05,KFB4,match,,"0,1",,,,"0,1",,,,multiple-response binary,"KFB4‧請問您平常會在臉書(Facebook)上做哪些事情呢?(可多選)(卡10)【K1答(02)者,或K2答(01)者,才需回答此題】 □ (01)撰寫貼文(包含文字、相片、影片、打卡、網誌、相簿等) □ (02)分享或轉傳貼文(包含文字、相片、影片、打卡、網誌、相簿等) □ (03)開直播 □ (04)在別人貼文底下留言或按讚 □ (05)在社團內留言給其他人或按讚 □ (06)看朋友的貼文(包含文字、相片、影片、打卡、網誌、相簿等) □ (07)看朋友所分享或轉傳的貼文(包含文字、相片、影片、打卡、網誌、相簿等) □ (08)看直播(無論朋友、名人或網紅的直播,內容包括吃美食、打電動、"
86,vKFB4m06,KFB4,match,,"0,1",,,,"0,1",,,,multiple-response binary,"KFB4‧請問您平常會在臉書(Facebook)上做哪些事情呢?(可多選)(卡10)【K1答(02)者,或K2答(01)者,才需回答此題】 □ (01)撰寫貼文(包含文字、相片、影片、打卡、網誌、相簿等) □ (02)分享或轉傳貼文(包含文字、相片、影片、打卡、網誌、相簿等) □ (03)開直播 □ (04)在別人貼文底下留言或按讚 □ (05)在社團內留言給其他人或按讚 □ (06)看朋友的貼文(包含文字、相片、影片、打卡、網誌、相簿等) □ (07)看朋友所分享或轉傳的貼文(包含文字、相片、影片、打卡、網誌、相簿等) □ (08)看直播(無論朋友、名人或網紅的直播,內容包括吃美食、打電動、"
87,vKFB4m07,KFB4,match,,"0,1",,,,"0,1",,,,multiple-response binary,"KFB4‧請問您平常會在臉書(Facebook)上做哪些事情呢?(可多選)(卡10)【K1答(02)者,或K2答(01)者,才需回答此題】 □ (01)撰寫貼文(包含文字、相片、影片、打卡、網誌、相簿等) □ (02)分享或轉傳貼文(包含文字、相片、影片、打卡、網誌、相簿等) □ (03)開直播 □ (04)在別人貼文底下留言或按讚 □ (05)在社團內留言給其他人或按讚 □ (06)看朋友的貼文(包含文字、相片、影片、打卡、網誌、相簿等) □ (07)看朋友所分享或轉傳的貼文(包含文字、相片、影片、打卡、網誌、相簿等) □ (08)看直播(無論朋友、名人或網紅的直播,內容包括吃美食、打電動、"
88,vKFB4m08,KFB4,match,,"0,1",,,,"0,1",,,,multiple-response binary,"KFB4‧請問您平常會在臉書(Facebook)上做哪些事情呢?(可多選)(卡10)【K1答(02)者,或K2答(01)者,才需回答此題】 □ (01)撰寫貼文(包含文字、相片、影片、打卡、網誌、相簿等) □ (02)分享或轉傳貼文(包含文字、相片、影片、打卡、網誌、相簿等) □ (03)開直播 □ (04)在別人貼文底下留言或按讚 □ (05)在社團內留言給其他人或按讚 □ (06)看朋友的貼文(包含文字、相片、影片、打卡、網誌、相簿等) □ (07)看朋友所分享或轉傳的貼文(包含文字、相片、影片、打卡、網誌、相簿等) □ (08)看直播(無論朋友、名人或網紅的直播,內容包括吃美食、打電動、"
89,vKFB4m09,KFB4,match,,"0,1",,,,"0,1",,,,multiple-response binary,"KFB4‧請問您平常會在臉書(Facebook)上做哪些事情呢?(可多選)(卡10)【K1答(02)者,或K2答(01)者,才需回答此題】 □ (01)撰寫貼文(包含文字、相片、影片、打卡、網誌、相簿等) □ (02)分享或轉傳貼文(包含文字、相片、影片、打卡、網誌、相簿等) □ (03)開直播 □ (04)在別人貼文底下留言或按讚 □ (05)在社團內留言給其他人或按讚 □ (06)看朋友的貼文(包含文字、相片、影片、打卡、網誌、相簿等) □ (07)看朋友所分享或轉傳的貼文(包含文字、相片、影片、打卡、網誌、相簿等) □ (08)看直播(無論朋友、名人或網紅的直播,內容包括吃美食、打電動、"
90,vKFB4m10,KFB4,match,,"0,1",96,,,"0,1",96,,,multiple-response binary,"KFB4‧請問您平常會在臉書(Facebook)上做哪些事情呢?(可多選)(卡10)【K1答(02)者,或K2答(01)者,才需回答此題】 □ (01)撰寫貼文(包含文字、相片、影片、打卡、網誌、相簿等) □ (02)分享或轉傳貼文(包含文字、相片、影片、打卡、網誌、相簿等) □ (03)開直播 □ (04)在別人貼文底下留言或按讚 □ (05)在社團內留言給其他人或按讚 □ (06)看朋友的貼文(包含文字、相片、影片、打卡、網誌、相簿等) □ (07)看朋友所分享或轉傳的貼文(包含文字、相片、影片、打卡、網誌、相簿等) □ (08)看直播(無論朋友、名人或網紅的直播,內容包括吃美食、打電動、"
91,vKFB4m11,KFB4,match,,"0,1",96,,,"0,1",96,,,multiple-response binary,"KFB4‧請問您平常會在臉書(Facebook)上做哪些事情呢?(可多選)(卡10)【K1答(02)者,或K2答(01)者,才需回答此題】 □ (01)撰寫貼文(包含文字、相片、影片、打卡、網誌、相簿等) □ (02)分享或轉傳貼文(包含文字、相片、影片、打卡、網誌、相簿等) □ (03)開直播 □ (04)在別人貼文底下留言或按讚 □ (05)在社團內留言給其他人或按讚 □ (06)看朋友的貼文(包含文字、相片、影片、打卡、網誌、相簿等) □ (07)看朋友所分享或轉傳的貼文(包含文字、相片、影片、打卡、網誌、相簿等) □ (08)看直播(無論朋友、名人或網紅的直播,內容包括吃美食、打電動、"
92,vKFB4m12,KFB4,match,,"0,1",96,,,"0,1",96,,,multiple-response binary,"KFB4‧請問您平常會在臉書(Facebook)上做哪些事情呢?(可多選)(卡10)【K1答(02)者,或K2答(01)者,才需回答此題】 □ (01)撰寫貼文(包含文字、相片、影片、打卡、網誌、相簿等) □ (02)分享或轉傳貼文(包含文字、相片、影片、打卡、網誌、相簿等) □ (03)開直播 □ (04)在別人貼文底下留言或按讚 □ (05)在社團內留言給其他人或按讚 □ (06)看朋友的貼文(包含文字、相片、影片、打卡、網誌、相簿等) □ (07)看朋友所分享或轉傳的貼文(包含文字、相片、影片、打卡、網誌、相簿等) □ (08)看直播(無論朋友、名人或網紅的直播,內容包括吃美食、打電動、"
93,vKFB4m13,KFB4,match,,"0,1",96,,,"0,1",96,,,multiple-response binary,"KFB4‧請問您平常會在臉書(Facebook)上做哪些事情呢?(可多選)(卡10)【K1答(02)者,或K2答(01)者,才需回答此題】 □ (01)撰寫貼文(包含文字、相片、影片、打卡、網誌、相簿等) □ (02)分享或轉傳貼文(包含文字、相片、影片、打卡、網誌、相簿等) □ (03)開直播 □ (04)在別人貼文底下留言或按讚 □ (05)在社團內留言給其他人或按讚 □ (06)看朋友的貼文(包含文字、相片、影片、打卡、網誌、相簿等) □ (07)看朋友所分享或轉傳的貼文(包含文字、相片、影片、打卡、網誌、相簿等) □ (08)看直播(無論朋友、名人或網紅的直播,內容包括吃美食、打電動、"
94,vKFB4m14,KFB4,match,,"0,1",96,,,"0,1",96,,,multiple-response binary,"KFB4‧請問您平常會在臉書(Facebook)上做哪些事情呢?(可多選)(卡10)【K1答(02)者,或K2答(01)者,才需回答此題】 □ (01)撰寫貼文(包含文字、相片、影片、打卡、網誌、相簿等) □ (02)分享或轉傳貼文(包含文字、相片、影片、打卡、網誌、相簿等) □ (03)開直播 □ (04)在別人貼文底下留言或按讚 □ (05)在社團內留言給其他人或按讚 □ (06)看朋友的貼文(包含文字、相片、影片、打卡、網誌、相簿等) □ (07)看朋友所分享或轉傳的貼文(包含文字、相片、影片、打卡、網誌、相簿等) □ (08)看直播(無論朋友、名人或網紅的直播,內容包括吃美食、打電動、"
95,vKFB4m15,KFB4,match,,"0,1",96,,,"0,1",96,,,multiple-response binary,"KFB4‧請問您平常會在臉書(Facebook)上做哪些事情呢?(可多選)(卡10)【K1答(02)者,或K2答(01)者,才需回答此題】 □ (01)撰寫貼文(包含文字、相片、影片、打卡、網誌、相簿等) □ (02)分享或轉傳貼文(包含文字、相片、影片、打卡、網誌、相簿等) □ (03)開直播 □ (04)在別人貼文底下留言或按讚 □ (05)在社團內留言給其他人或按讚 □ (06)看朋友的貼文(包含文字、相片、影片、打卡、網誌、相簿等) □ (07)看朋友所分享或轉傳的貼文(包含文字、相片、影片、打卡、網誌、相簿等) □ (08)看直播(無論朋友、名人或網紅的直播,內容包括吃美食、打電動、"
96,vKFB4m16,KFB4,match,,"0,1",96,,,"0,1",96,,,multiple-response binary,"KFB4‧請問您平常會在臉書(Facebook)上做哪些事情呢?(可多選)(卡10)【K1答(02)者,或K2答(01)者,才需回答此題】 □ (01)撰寫貼文(包含文字、相片、影片、打卡、網誌、相簿等) □ (02)分享或轉傳貼文(包含文字、相片、影片、打卡、網誌、相簿等) □ (03)開直播 □ (04)在別人貼文底下留言或按讚 □ (05)在社團內留言給其他人或按讚 □ (06)看朋友的貼文(包含文字、相片、影片、打卡、網誌、相簿等) □ (07)看朋友所分享或轉傳的貼文(包含文字、相片、影片、打卡、網誌、相簿等) □ (08)看直播(無論朋友、名人或網紅的直播,內容包括吃美食、打電動、"
97,vKFB4m17,KFB4,match,,"0,1",96,,,"0,1",96,,,multiple-response binary,"KFB4‧請問您平常會在臉書(Facebook)上做哪些事情呢?(可多選)(卡10)【K1答(02)者,或K2答(01)者,才需回答此題】 □ (01)撰寫貼文(包含文字、相片、影片、打卡、網誌、相簿等) □ (02)分享或轉傳貼文(包含文字、相片、影片、打卡、網誌、相簿等) □ (03)開直播 □ (04)在別人貼文底下留言或按讚 □ (05)在社團內留言給其他人或按讚 □ (06)看朋友的貼文(包含文字、相片、影片、打卡、網誌、相簿等) □ (07)看朋友所分享或轉傳的貼文(包含文字、相片、影片、打卡、網誌、相簿等) □ (08)看直播(無論朋友、名人或網紅的直播,內容包括吃美食、打電動、"
98,vKFB4m18,KFB4,match,,"0,1",96,,,"0,1",96,,,multiple-response binary,"KFB4‧請問您平常會在臉書(Facebook)上做哪些事情呢?(可多選)(卡10)【K1答(02)者,或K2答(01)者,才需回答此題】 □ (01)撰寫貼文(包含文字、相片、影片、打卡、網誌、相簿等) □ (02)分享或轉傳貼文(包含文字、相片、影片、打卡、網誌、相簿等) □ (03)開直播 □ (04)在別人貼文底下留言或按讚 □ (05)在社團內留言給其他人或按讚 □ (06)看朋友的貼文(包含文字、相片、影片、打卡、網誌、相簿等) □ (07)看朋友所分享或轉傳的貼文(包含文字、相片、影片、打卡、網誌、相簿等) □ (08)看直播(無論朋友、名人或網紅的直播,內容包括吃美食、打電動、"
99,vKFB4m88,KFB4,match,,"0,1",96,,,"0,1",96,,,multiple-response binary,"KFB4‧請問您平常會在臉書(Facebook)上做哪些事情呢?(可多選)(卡10)【K1答(02)者,或K2答(01)者,才需回答此題】 □ (01)撰寫貼文(包含文字、相片、影片、打卡、網誌、相簿等) □ (02)分享或轉傳貼文(包含文字、相片、影片、打卡、網誌、相簿等) □ (03)開直播 □ (04)在別人貼文底下留言或按讚 □ (05)在社團內留言給其他人或按讚 □ (06)看朋友的貼文(包含文字、相片、影片、打卡、網誌、相簿等) □ (07)看朋友所分享或轉傳的貼文(包含文字、相片、影片、打卡、網誌、相簿等) □ (08)看直播(無論朋友、名人或網紅的直播,內容包括吃美食、打電動、"
100,vKIG1,KIG1,mismatch,existing r1-r4 differ from proposal,"0.5,7",95,97,98,95,97,98,,option code span including table,"KIG1‧請問您每週平均有幾天使用Instagram(IG)?【數值題,可輸入小數點,範圍為0.5、1、1.5、2、2.5、3、3.5、4、4.5、5、5.5、6、6.5、7、95、97、98】【K1答(03)者,或K2答(02)者,才需回答此題】 訪員注意: 1.本題為數值題,若為區間請取「中間值」,例如:3~4天,請填入「3.5」天。 2.答案無法填答時(例如:一個月只看1天)或每週平均用不到0.5天,請填入「95」。 ________天 □ (95)每週平均用不到0.5天 □ (97)不知道 □ (98)拒答"
101,vKIG2,KIG2,match,,"1,2359",9797,9898,,"1,2359",9797,9898,,explicit numeric range,"KIG2‧在您有使用Instagram(IG)的那一天,您一整天大概會使用多久(真的有在用Instagram(IG)的時間)?【數值題,範圍:0001-2359、9797、9898】【K1答(03)者,或K2答(02)者,才需回答此題】 * 若使用時間很分散,只要有空就會用,請受訪者儘量回想在什麼場合會用Instagram(IG),如:通 勤、睡前等,將這些時間進行加總。 * 請以發生頻率較高(天數較多)來回答一整天看的時間,不是填看最長的時間。例如星期一到星期四都是3小時,星期五到星期日都是6小時,則頻率較高為星期一到星期四,答案填入「0300」。 訪員注意: 1.本題為數值題,請填入4位數"
102,vKIG3m01,KIG3,match,,"0,1",,,,"0,1",,,,multiple-response binary,"KIG3‧請問您使用Instagram(IG)主要的原因或動機是什麼呢?(可多選)(卡11)【K1答(03)者,或K2答(02)者,才需回答此題】 □ (01)聯絡事情 □ (02)維持與親友之間的關係 □ (03)交新朋友 □ (04)與朋友分享心情 □ (05)與朋友分享生活點滴 □ (06)怕漏掉親友間發生的事情或話題 □ (07)查看一些您有興趣的人(包括認識與不認識都算,例如網紅)的動態資訊 □ (08)接觸有興趣的事物 □ (09)工作(有支薪)或課業所需 □ (10)獲得新資訊 □ (11)學習新事物 □ (12)記錄生活點滴(例如:旅遊、食物、健身等拍照上傳) □ (13)分享"
103,vKIG3m02,KIG3,match,,"0,1",,,,"0,1",,,,multiple-response binary,"KIG3‧請問您使用Instagram(IG)主要的原因或動機是什麼呢?(可多選)(卡11)【K1答(03)者,或K2答(02)者,才需回答此題】 □ (01)聯絡事情 □ (02)維持與親友之間的關係 □ (03)交新朋友 □ (04)與朋友分享心情 □ (05)與朋友分享生活點滴 □ (06)怕漏掉親友間發生的事情或話題 □ (07)查看一些您有興趣的人(包括認識與不認識都算,例如網紅)的動態資訊 □ (08)接觸有興趣的事物 □ (09)工作(有支薪)或課業所需 □ (10)獲得新資訊 □ (11)學習新事物 □ (12)記錄生活點滴(例如:旅遊、食物、健身等拍照上傳) □ (13)分享"
104,vKIG3m03,KIG3,match,,"0,1",,,,"0,1",,,,multiple-response binary,"KIG3‧請問您使用Instagram(IG)主要的原因或動機是什麼呢?(可多選)(卡11)【K1答(03)者,或K2答(02)者,才需回答此題】 □ (01)聯絡事情 □ (02)維持與親友之間的關係 □ (03)交新朋友 □ (04)與朋友分享心情 □ (05)與朋友分享生活點滴 □ (06)怕漏掉親友間發生的事情或話題 □ (07)查看一些您有興趣的人(包括認識與不認識都算,例如網紅)的動態資訊 □ (08)接觸有興趣的事物 □ (09)工作(有支薪)或課業所需 □ (10)獲得新資訊 □ (11)學習新事物 □ (12)記錄生活點滴(例如:旅遊、食物、健身等拍照上傳) □ (13)分享"
105,vKIG3m04,KIG3,match,,"0,1",,,,"0,1",,,,multiple-response binary,"KIG3‧請問您使用Instagram(IG)主要的原因或動機是什麼呢?(可多選)(卡11)【K1答(03)者,或K2答(02)者,才需回答此題】 □ (01)聯絡事情 □ (02)維持與親友之間的關係 □ (03)交新朋友 □ (04)與朋友分享心情 □ (05)與朋友分享生活點滴 □ (06)怕漏掉親友間發生的事情或話題 □ (07)查看一些您有興趣的人(包括認識與不認識都算,例如網紅)的動態資訊 □ (08)接觸有興趣的事物 □ (09)工作(有支薪)或課業所需 □ (10)獲得新資訊 □ (11)學習新事物 □ (12)記錄生活點滴(例如:旅遊、食物、健身等拍照上傳) □ (13)分享"
106,vKIG3m05,KIG3,match,,"0,1",,,,"0,1",,,,multiple-response binary,"KIG3‧請問您使用Instagram(IG)主要的原因或動機是什麼呢?(可多選)(卡11)【K1答(03)者,或K2答(02)者,才需回答此題】 □ (01)聯絡事情 □ (02)維持與親友之間的關係 □ (03)交新朋友 □ (04)與朋友分享心情 □ (05)與朋友分享生活點滴 □ (06)怕漏掉親友間發生的事情或話題 □ (07)查看一些您有興趣的人(包括認識與不認識都算,例如網紅)的動態資訊 □ (08)接觸有興趣的事物 □ (09)工作(有支薪)或課業所需 □ (10)獲得新資訊 □ (11)學習新事物 □ (12)記錄生活點滴(例如:旅遊、食物、健身等拍照上傳) □ (13)分享"
107,vKIG3m06,KIG3,match,,"0,1",,,,"0,1",,,,multiple-response binary,"KIG3‧請問您使用Instagram(IG)主要的原因或動機是什麼呢?(可多選)(卡11)【K1答(03)者,或K2答(02)者,才需回答此題】 □ (01)聯絡事情 □ (02)維持與親友之間的關係 □ (03)交新朋友 □ (04)與朋友分享心情 □ (05)與朋友分享生活點滴 □ (06)怕漏掉親友間發生的事情或話題 □ (07)查看一些您有興趣的人(包括認識與不認識都算,例如網紅)的動態資訊 □ (08)接觸有興趣的事物 □ (09)工作(有支薪)或課業所需 □ (10)獲得新資訊 □ (11)學習新事物 □ (12)記錄生活點滴(例如:旅遊、食物、健身等拍照上傳) □ (13)分享"
108,vKIG3m07,KIG3,match,,"0,1",,,,"0,1",,,,multiple-response binary,"KIG3‧請問您使用Instagram(IG)主要的原因或動機是什麼呢?(可多選)(卡11)【K1答(03)者,或K2答(02)者,才需回答此題】 □ (01)聯絡事情 □ (02)維持與親友之間的關係 □ (03)交新朋友 □ (04)與朋友分享心情 □ (05)與朋友分享生活點滴 □ (06)怕漏掉親友間發生的事情或話題 □ (07)查看一些您有興趣的人(包括認識與不認識都算,例如網紅)的動態資訊 □ (08)接觸有興趣的事物 □ (09)工作(有支薪)或課業所需 □ (10)獲得新資訊 □ (11)學習新事物 □ (12)記錄生活點滴(例如:旅遊、食物、健身等拍照上傳) □ (13)分享"
109,vKIG3m08,KIG3,match,,"0,1",,,,"0,1",,,,multiple-response binary,"KIG3‧請問您使用Instagram(IG)主要的原因或動機是什麼呢?(可多選)(卡11)【K1答(03)者,或K2答(02)者,才需回答此題】 □ (01)聯絡事情 □ (02)維持與親友之間的關係 □ (03)交新朋友 □ (04)與朋友分享心情 □ (05)與朋友分享生活點滴 □ (06)怕漏掉親友間發生的事情或話題 □ (07)查看一些您有興趣的人(包括認識與不認識都算,例如網紅)的動態資訊 □ (08)接觸有興趣的事物 □ (09)工作(有支薪)或課業所需 □ (10)獲得新資訊 □ (11)學習新事物 □ (12)記錄生活點滴(例如:旅遊、食物、健身等拍照上傳) □ (13)分享"
110,vKIG3m09,KIG3,match,,"0,1",,,,"0,1",,,,multiple-response binary,"KIG3‧請問您使用Instagram(IG)主要的原因或動機是什麼呢?(可多選)(卡11)【K1答(03)者,或K2答(02)者,才需回答此題】 □ (01)聯絡事情 □ (02)維持與親友之間的關係 □ (03)交新朋友 □ (04)與朋友分享心情 □ (05)與朋友分享生活點滴 □ (06)怕漏掉親友間發生的事情或話題 □ (07)查看一些您有興趣的人(包括認識與不認識都算,例如網紅)的動態資訊 □ (08)接觸有興趣的事物 □ (09)工作(有支薪)或課業所需 □ (10)獲得新資訊 □ (11)學習新事物 □ (12)記錄生活點滴(例如:旅遊、食物、健身等拍照上傳) □ (13)分享"
111,vKIG3m10,KIG3,match,,"0,1",96,,,"0,1",96,,,multiple-response binary,"KIG3‧請問您使用Instagram(IG)主要的原因或動機是什麼呢?(可多選)(卡11)【K1答(03)者,或K2答(02)者,才需回答此題】 □ (01)聯絡事情 □ (02)維持與親友之間的關係 □ (03)交新朋友 □ (04)與朋友分享心情 □ (05)與朋友分享生活點滴 □ (06)怕漏掉親友間發生的事情或話題 □ (07)查看一些您有興趣的人(包括認識與不認識都算,例如網紅)的動態資訊 □ (08)接觸有興趣的事物 □ (09)工作(有支薪)或課業所需 □ (10)獲得新資訊 □ (11)學習新事物 □ (12)記錄生活點滴(例如:旅遊、食物、健身等拍照上傳) □ (13)分享"
112,vKIG3m11,KIG3,match,,"0,1",96,,,"0,1",96,,,multiple-response binary,"KIG3‧請問您使用Instagram(IG)主要的原因或動機是什麼呢?(可多選)(卡11)【K1答(03)者,或K2答(02)者,才需回答此題】 □ (01)聯絡事情 □ (02)維持與親友之間的關係 □ (03)交新朋友 □ (04)與朋友分享心情 □ (05)與朋友分享生活點滴 □ (06)怕漏掉親友間發生的事情或話題 □ (07)查看一些您有興趣的人(包括認識與不認識都算,例如網紅)的動態資訊 □ (08)接觸有興趣的事物 □ (09)工作(有支薪)或課業所需 □ (10)獲得新資訊 □ (11)學習新事物 □ (12)記錄生活點滴(例如:旅遊、食物、健身等拍照上傳) □ (13)分享"
113,vKIG3m12,KIG3,match,,"0,1",96,,,"0,1",96,,,multiple-response binary,"KIG3‧請問您使用Instagram(IG)主要的原因或動機是什麼呢?(可多選)(卡11)【K1答(03)者,或K2答(02)者,才需回答此題】 □ (01)聯絡事情 □ (02)維持與親友之間的關係 □ (03)交新朋友 □ (04)與朋友分享心情 □ (05)與朋友分享生活點滴 □ (06)怕漏掉親友間發生的事情或話題 □ (07)查看一些您有興趣的人(包括認識與不認識都算,例如網紅)的動態資訊 □ (08)接觸有興趣的事物 □ (09)工作(有支薪)或課業所需 □ (10)獲得新資訊 □ (11)學習新事物 □ (12)記錄生活點滴(例如:旅遊、食物、健身等拍照上傳) □ (13)分享"
114,vKIG3m13,KIG3,match,,"0,1",96,,,"0,1",96,,,multiple-response binary,"KIG3‧請問您使用Instagram(IG)主要的原因或動機是什麼呢?(可多選)(卡11)【K1答(03)者,或K2答(02)者,才需回答此題】 □ (01)聯絡事情 □ (02)維持與親友之間的關係 □ (03)交新朋友 □ (04)與朋友分享心情 □ (05)與朋友分享生活點滴 □ (06)怕漏掉親友間發生的事情或話題 □ (07)查看一些您有興趣的人(包括認識與不認識都算,例如網紅)的動態資訊 □ (08)接觸有興趣的事物 □ (09)工作(有支薪)或課業所需 □ (10)獲得新資訊 □ (11)學習新事物 □ (12)記錄生活點滴(例如:旅遊、食物、健身等拍照上傳) □ (13)分享"
115,vKIG3m14,KIG3,match,,"0,1",96,,,"0,1",96,,,multiple-response binary,"KIG3‧請問您使用Instagram(IG)主要的原因或動機是什麼呢?(可多選)(卡11)【K1答(03)者,或K2答(02)者,才需回答此題】 □ (01)聯絡事情 □ (02)維持與親友之間的關係 □ (03)交新朋友 □ (04)與朋友分享心情 □ (05)與朋友分享生活點滴 □ (06)怕漏掉親友間發生的事情或話題 □ (07)查看一些您有興趣的人(包括認識與不認識都算,例如網紅)的動態資訊 □ (08)接觸有興趣的事物 □ (09)工作(有支薪)或課業所需 □ (10)獲得新資訊 □ (11)學習新事物 □ (12)記錄生活點滴(例如:旅遊、食物、健身等拍照上傳) □ (13)分享"
116,vKIG3m15,KIG3,match,,"0,1",96,,,"0,1",96,,,multiple-response binary,"KIG3‧請問您使用Instagram(IG)主要的原因或動機是什麼呢?(可多選)(卡11)【K1答(03)者,或K2答(02)者,才需回答此題】 □ (01)聯絡事情 □ (02)維持與親友之間的關係 □ (03)交新朋友 □ (04)與朋友分享心情 □ (05)與朋友分享生活點滴 □ (06)怕漏掉親友間發生的事情或話題 □ (07)查看一些您有興趣的人(包括認識與不認識都算,例如網紅)的動態資訊 □ (08)接觸有興趣的事物 □ (09)工作(有支薪)或課業所需 □ (10)獲得新資訊 □ (11)學習新事物 □ (12)記錄生活點滴(例如:旅遊、食物、健身等拍照上傳) □ (13)分享"
117,vKIG3m16,KIG3,match,,"0,1",96,,,"0,1",96,,,multiple-response binary,"KIG3‧請問您使用Instagram(IG)主要的原因或動機是什麼呢?(可多選)(卡11)【K1答(03)者,或K2答(02)者,才需回答此題】 □ (01)聯絡事情 □ (02)維持與親友之間的關係 □ (03)交新朋友 □ (04)與朋友分享心情 □ (05)與朋友分享生活點滴 □ (06)怕漏掉親友間發生的事情或話題 □ (07)查看一些您有興趣的人(包括認識與不認識都算,例如網紅)的動態資訊 □ (08)接觸有興趣的事物 □ (09)工作(有支薪)或課業所需 □ (10)獲得新資訊 □ (11)學習新事物 □ (12)記錄生活點滴(例如:旅遊、食物、健身等拍照上傳) □ (13)分享"
118,vKIG3m17,KIG3,match,,"0,1",96,,,"0,1",96,,,multiple-response binary,"KIG3‧請問您使用Instagram(IG)主要的原因或動機是什麼呢?(可多選)(卡11)【K1答(03)者,或K2答(02)者,才需回答此題】 □ (01)聯絡事情 □ (02)維持與親友之間的關係 □ (03)交新朋友 □ (04)與朋友分享心情 □ (05)與朋友分享生活點滴 □ (06)怕漏掉親友間發生的事情或話題 □ (07)查看一些您有興趣的人(包括認識與不認識都算,例如網紅)的動態資訊 □ (08)接觸有興趣的事物 □ (09)工作(有支薪)或課業所需 □ (10)獲得新資訊 □ (11)學習新事物 □ (12)記錄生活點滴(例如:旅遊、食物、健身等拍照上傳) □ (13)分享"
119,vKIG3m88,KIG3,match,,"0,1",96,,,"0,1",96,,,multiple-response binary,"KIG3‧請問您使用Instagram(IG)主要的原因或動機是什麼呢?(可多選)(卡11)【K1答(03)者,或K2答(02)者,才需回答此題】 □ (01)聯絡事情 □ (02)維持與親友之間的關係 □ (03)交新朋友 □ (04)與朋友分享心情 □ (05)與朋友分享生活點滴 □ (06)怕漏掉親友間發生的事情或話題 □ (07)查看一些您有興趣的人(包括認識與不認識都算,例如網紅)的動態資訊 □ (08)接觸有興趣的事物 □ (09)工作(有支薪)或課業所需 □ (10)獲得新資訊 □ (11)學習新事物 □ (12)記錄生活點滴(例如:旅遊、食物、健身等拍照上傳) □ (13)分享"
120,vKIG4m01,KIG4,match,,"0,1",,,,"0,1",,,,multiple-response binary,"KIG4‧請問您平常會在Instagram(IG)上做哪些事情呢?(可多選)(卡12)【K1答(03)者,或K2答(02)者,才需回答此題】 □ (01)撰寫貼文(包含照片、圖片、影片等) □ (02)發佈限時動態(Stories) □ (03)在別人貼文底下留言或按愛心 □ (04)回覆別人的限時動態(Stories) □ (05)看朋友的貼文(包含照片、圖片、影片等) □ (06)看朋友的限時動態(Stories) □ (07)看直播(無論朋友、名人、網紅或追蹤的帳號的直播。內容包括吃美食、打電動、美妝等) □ (08)瀏覽自動推薦的貼文或影片 □ (09)瀏覽廣告與品牌訊息 □ (10)"
121,vKIG4m02,KIG4,match,,"0,1",,,,"0,1",,,,multiple-response binary,"KIG4‧請問您平常會在Instagram(IG)上做哪些事情呢?(可多選)(卡12)【K1答(03)者,或K2答(02)者,才需回答此題】 □ (01)撰寫貼文(包含照片、圖片、影片等) □ (02)發佈限時動態(Stories) □ (03)在別人貼文底下留言或按愛心 □ (04)回覆別人的限時動態(Stories) □ (05)看朋友的貼文(包含照片、圖片、影片等) □ (06)看朋友的限時動態(Stories) □ (07)看直播(無論朋友、名人、網紅或追蹤的帳號的直播。內容包括吃美食、打電動、美妝等) □ (08)瀏覽自動推薦的貼文或影片 □ (09)瀏覽廣告與品牌訊息 □ (10)"
122,vKIG4m03,KIG4,match,,"0,1",,,,"0,1",,,,multiple-response binary,"KIG4‧請問您平常會在Instagram(IG)上做哪些事情呢?(可多選)(卡12)【K1答(03)者,或K2答(02)者,才需回答此題】 □ (01)撰寫貼文(包含照片、圖片、影片等) □ (02)發佈限時動態(Stories) □ (03)在別人貼文底下留言或按愛心 □ (04)回覆別人的限時動態(Stories) □ (05)看朋友的貼文(包含照片、圖片、影片等) □ (06)看朋友的限時動態(Stories) □ (07)看直播(無論朋友、名人、網紅或追蹤的帳號的直播。內容包括吃美食、打電動、美妝等) □ (08)瀏覽自動推薦的貼文或影片 □ (09)瀏覽廣告與品牌訊息 □ (10)"
123,vKIG4m04,KIG4,match,,"0,1",,,,"0,1",,,,multiple-response binary,"KIG4‧請問您平常會在Instagram(IG)上做哪些事情呢?(可多選)(卡12)【K1答(03)者,或K2答(02)者,才需回答此題】 □ (01)撰寫貼文(包含照片、圖片、影片等) □ (02)發佈限時動態(Stories) □ (03)在別人貼文底下留言或按愛心 □ (04)回覆別人的限時動態(Stories) □ (05)看朋友的貼文(包含照片、圖片、影片等) □ (06)看朋友的限時動態(Stories) □ (07)看直播(無論朋友、名人、網紅或追蹤的帳號的直播。內容包括吃美食、打電動、美妝等) □ (08)瀏覽自動推薦的貼文或影片 □ (09)瀏覽廣告與品牌訊息 □ (10)"
124,vKIG4m05,KIG4,match,,"0,1",,,,"0,1",,,,multiple-response binary,"KIG4‧請問您平常會在Instagram(IG)上做哪些事情呢?(可多選)(卡12)【K1答(03)者,或K2答(02)者,才需回答此題】 □ (01)撰寫貼文(包含照片、圖片、影片等) □ (02)發佈限時動態(Stories) □ (03)在別人貼文底下留言或按愛心 □ (04)回覆別人的限時動態(Stories) □ (05)看朋友的貼文(包含照片、圖片、影片等) □ (06)看朋友的限時動態(Stories) □ (07)看直播(無論朋友、名人、網紅或追蹤的帳號的直播。內容包括吃美食、打電動、美妝等) □ (08)瀏覽自動推薦的貼文或影片 □ (09)瀏覽廣告與品牌訊息 □ (10)"
125,vKIG4m06,KIG4,match,,"0,1",,,,"0,1",,,,multiple-response binary,"KIG4‧請問您平常會在Instagram(IG)上做哪些事情呢?(可多選)(卡12)【K1答(03)者,或K2答(02)者,才需回答此題】 □ (01)撰寫貼文(包含照片、圖片、影片等) □ (02)發佈限時動態(Stories) □ (03)在別人貼文底下留言或按愛心 □ (04)回覆別人的限時動態(Stories) □ (05)看朋友的貼文(包含照片、圖片、影片等) □ (06)看朋友的限時動態(Stories) □ (07)看直播(無論朋友、名人、網紅或追蹤的帳號的直播。內容包括吃美食、打電動、美妝等) □ (08)瀏覽自動推薦的貼文或影片 □ (09)瀏覽廣告與品牌訊息 □ (10)"
126,vKIG4m07,KIG4,match,,"0,1",,,,"0,1",,,,multiple-response binary,"KIG4‧請問您平常會在Instagram(IG)上做哪些事情呢?(可多選)(卡12)【K1答(03)者,或K2答(02)者,才需回答此題】 □ (01)撰寫貼文(包含照片、圖片、影片等) □ (02)發佈限時動態(Stories) □ (03)在別人貼文底下留言或按愛心 □ (04)回覆別人的限時動態(Stories) □ (05)看朋友的貼文(包含照片、圖片、影片等) □ (06)看朋友的限時動態(Stories) □ (07)看直播(無論朋友、名人、網紅或追蹤的帳號的直播。內容包括吃美食、打電動、美妝等) □ (08)瀏覽自動推薦的貼文或影片 □ (09)瀏覽廣告與品牌訊息 □ (10)"
127,vKIG4m08,KIG4,match,,"0,1",,,,"0,1",,,,multiple-response binary,"KIG4‧請問您平常會在Instagram(IG)上做哪些事情呢?(可多選)(卡12)【K1答(03)者,或K2答(02)者,才需回答此題】 □ (01)撰寫貼文(包含照片、圖片、影片等) □ (02)發佈限時動態(Stories) □ (03)在別人貼文底下留言或按愛心 □ (04)回覆別人的限時動態(Stories) □ (05)看朋友的貼文(包含照片、圖片、影片等) □ (06)看朋友的限時動態(Stories) □ (07)看直播(無論朋友、名人、網紅或追蹤的帳號的直播。內容包括吃美食、打電動、美妝等) □ (08)瀏覽自動推薦的貼文或影片 □ (09)瀏覽廣告與品牌訊息 □ (10)"
128,vKIG4m09,KIG4,match,,"0,1",,,,"0,1",,,,multiple-response binary,"KIG4‧請問您平常會在Instagram(IG)上做哪些事情呢?(可多選)(卡12)【K1答(03)者,或K2答(02)者,才需回答此題】 □ (01)撰寫貼文(包含照片、圖片、影片等) □ (02)發佈限時動態(Stories) □ (03)在別人貼文底下留言或按愛心 □ (04)回覆別人的限時動態(Stories) □ (05)看朋友的貼文(包含照片、圖片、影片等) □ (06)看朋友的限時動態(Stories) □ (07)看直播(無論朋友、名人、網紅或追蹤的帳號的直播。內容包括吃美食、打電動、美妝等) □ (08)瀏覽自動推薦的貼文或影片 □ (09)瀏覽廣告與品牌訊息 □ (10)"
129,vKIG4m10,KIG4,match,,"0,1",96,,,"0,1",96,,,multiple-response binary,"KIG4‧請問您平常會在Instagram(IG)上做哪些事情呢?(可多選)(卡12)【K1答(03)者,或K2答(02)者,才需回答此題】 □ (01)撰寫貼文(包含照片、圖片、影片等) □ (02)發佈限時動態(Stories) □ (03)在別人貼文底下留言或按愛心 □ (04)回覆別人的限時動態(Stories) □ (05)看朋友的貼文(包含照片、圖片、影片等) □ (06)看朋友的限時動態(Stories) □ (07)看直播(無論朋友、名人、網紅或追蹤的帳號的直播。內容包括吃美食、打電動、美妝等) □ (08)瀏覽自動推薦的貼文或影片 □ (09)瀏覽廣告與品牌訊息 □ (10)"
130,vKIG4m11,KIG4,match,,"0,1",96,,,"0,1",96,,,multiple-response binary,"KIG4‧請問您平常會在Instagram(IG)上做哪些事情呢?(可多選)(卡12)【K1答(03)者,或K2答(02)者,才需回答此題】 □ (01)撰寫貼文(包含照片、圖片、影片等) □ (02)發佈限時動態(Stories) □ (03)在別人貼文底下留言或按愛心 □ (04)回覆別人的限時動態(Stories) □ (05)看朋友的貼文(包含照片、圖片、影片等) □ (06)看朋友的限時動態(Stories) □ (07)看直播(無論朋友、名人、網紅或追蹤的帳號的直播。內容包括吃美食、打電動、美妝等) □ (08)瀏覽自動推薦的貼文或影片 □ (09)瀏覽廣告與品牌訊息 □ (10)"
131,vKIG4m12,KIG4,match,,"0,1",96,,,"0,1",96,,,multiple-response binary,"KIG4‧請問您平常會在Instagram(IG)上做哪些事情呢?(可多選)(卡12)【K1答(03)者,或K2答(02)者,才需回答此題】 □ (01)撰寫貼文(包含照片、圖片、影片等) □ (02)發佈限時動態(Stories) □ (03)在別人貼文底下留言或按愛心 □ (04)回覆別人的限時動態(Stories) □ (05)看朋友的貼文(包含照片、圖片、影片等) □ (06)看朋友的限時動態(Stories) □ (07)看直播(無論朋友、名人、網紅或追蹤的帳號的直播。內容包括吃美食、打電動、美妝等) □ (08)瀏覽自動推薦的貼文或影片 □ (09)瀏覽廣告與品牌訊息 □ (10)"
132,vKIG4m13,KIG4,match,,"0,1",96,,,"0,1",96,,,multiple-response binary,"KIG4‧請問您平常會在Instagram(IG)上做哪些事情呢?(可多選)(卡12)【K1答(03)者,或K2答(02)者,才需回答此題】 □ (01)撰寫貼文(包含照片、圖片、影片等) □ (02)發佈限時動態(Stories) □ (03)在別人貼文底下留言或按愛心 □ (04)回覆別人的限時動態(Stories) □ (05)看朋友的貼文(包含照片、圖片、影片等) □ (06)看朋友的限時動態(Stories) □ (07)看直播(無論朋友、名人、網紅或追蹤的帳號的直播。內容包括吃美食、打電動、美妝等) □ (08)瀏覽自動推薦的貼文或影片 □ (09)瀏覽廣告與品牌訊息 □ (10)"
133,vKIG4m14,KIG4,match,,"0,1",96,,,"0,1",96,,,multiple-response binary,"KIG4‧請問您平常會在Instagram(IG)上做哪些事情呢?(可多選)(卡12)【K1答(03)者,或K2答(02)者,才需回答此題】 □ (01)撰寫貼文(包含照片、圖片、影片等) □ (02)發佈限時動態(Stories) □ (03)在別人貼文底下留言或按愛心 □ (04)回覆別人的限時動態(Stories) □ (05)看朋友的貼文(包含照片、圖片、影片等) □ (06)看朋友的限時動態(Stories) □ (07)看直播(無論朋友、名人、網紅或追蹤的帳號的直播。內容包括吃美食、打電動、美妝等) □ (08)瀏覽自動推薦的貼文或影片 □ (09)瀏覽廣告與品牌訊息 □ (10)"
134,vKIG4m88,KIG4,match,,"0,1",96,,,"0,1",96,,,multiple-response binary,"KIG4‧請問您平常會在Instagram(IG)上做哪些事情呢?(可多選)(卡12)【K1答(03)者,或K2答(02)者,才需回答此題】 □ (01)撰寫貼文(包含照片、圖片、影片等) □ (02)發佈限時動態(Stories) □ (03)在別人貼文底下留言或按愛心 □ (04)回覆別人的限時動態(Stories) □ (05)看朋友的貼文(包含照片、圖片、影片等) □ (06)看朋友的限時動態(Stories) □ (07)看直播(無論朋友、名人、網紅或追蹤的帳號的直播。內容包括吃美食、打電動、美妝等) □ (08)瀏覽自動推薦的貼文或影片 □ (09)瀏覽廣告與品牌訊息 □ (10)"
135,vKTT1,KTT1,mismatch,existing r1-r4 differ from proposal,"0.5,7",95,97,98,95,97,98,,option code span including table,"KTT1‧請問您每週平均有幾天使用抖音(TikTok)?【數值題,可輸入小數點,範圍為0.5、1、1.5、2、2.5、3、3.5、4、4.5、5、5.5、6、6.5、7、95、97、98】【K1答(11)者,或K2答(07)者,才需回答此題】 訪員注意: 1.本題為數值題,若為區間請取「中間值」,例如:3~4天,請填入「3.5」天。 2.答案無法填答時(例如:一個月只看1天)或每週平均用不到0.5天,請填入「95」。 ________天 □ (95)每週平均用不到0.5天 □ (97)不知道 □ (98)拒答"
136,vKTT2,KTT2,match,,"1,2359",9797,9898,,"1,2359",9797,9898,,explicit numeric range,"KTT2‧在您有使用抖音(TikTok)的那一天,您一整天大概會使用多久(真的有在用抖音(TikTok)的時間)?【數值題,範圍:0001-2359、9797、9898】【K1答(11)者,或K2答(07)者,才需回答此題】 * 若使用時間很分散,只要有空就會用,請受訪者儘量回想在什麼場合會用抖音(TikTok),如:通 勤、睡前等,將這些時間進行加總。 * 請以發生頻率較高(天數較多)來回答一整天看的時間,不是填看最長的時間。例如星期一到星期四都是3小時,星期五到星期日都是6小時,則頻率較高為星期一到星期四,答案填入「0300」。 訪員注意: 1.本題為數值題,請填入4位數,例如2小時30分"
137,vKTT3m01,KTT3,match,,"0,1",,,,"0,1",,,,multiple-response binary,"KTT3‧請問您使用抖音(TikTok)主要的原因或動機是什麼呢?(可多選)(卡13)【K1答(11)者,或K2答(07)者,才需回答此題】 □ (01)維持與親友之間的關係 □ (02)查看一些您有興趣的人(包括認識與不認識都算,例如網紅)的資訊或影片 □ (03)與網紅或影片創作者互動 □ (04)接觸有興趣的事物 □ (05)獲得新資訊 □ (06)學習新事物(如跳舞、唱歌、料理) □ (07)記錄生活點滴(例如:錄影上傳旅遊、食物、健身等內容) □ (08)讓您和別人比較有話題 □ (09)讓您知道現在社會上發生什麼事 □ (10)獲得商品資訊 □ (11)發現現在的流行趨勢 □ (1"
138,vKTT3m02,KTT3,match,,"0,1",,,,"0,1",,,,multiple-response binary,"KTT3‧請問您使用抖音(TikTok)主要的原因或動機是什麼呢?(可多選)(卡13)【K1答(11)者,或K2答(07)者,才需回答此題】 □ (01)維持與親友之間的關係 □ (02)查看一些您有興趣的人(包括認識與不認識都算,例如網紅)的資訊或影片 □ (03)與網紅或影片創作者互動 □ (04)接觸有興趣的事物 □ (05)獲得新資訊 □ (06)學習新事物(如跳舞、唱歌、料理) □ (07)記錄生活點滴(例如:錄影上傳旅遊、食物、健身等內容) □ (08)讓您和別人比較有話題 □ (09)讓您知道現在社會上發生什麼事 □ (10)獲得商品資訊 □ (11)發現現在的流行趨勢 □ (1"
139,vKTT3m03,KTT3,match,,"0,1",,,,"0,1",,,,multiple-response binary,"KTT3‧請問您使用抖音(TikTok)主要的原因或動機是什麼呢?(可多選)(卡13)【K1答(11)者,或K2答(07)者,才需回答此題】 □ (01)維持與親友之間的關係 □ (02)查看一些您有興趣的人(包括認識與不認識都算,例如網紅)的資訊或影片 □ (03)與網紅或影片創作者互動 □ (04)接觸有興趣的事物 □ (05)獲得新資訊 □ (06)學習新事物(如跳舞、唱歌、料理) □ (07)記錄生活點滴(例如:錄影上傳旅遊、食物、健身等內容) □ (08)讓您和別人比較有話題 □ (09)讓您知道現在社會上發生什麼事 □ (10)獲得商品資訊 □ (11)發現現在的流行趨勢 □ (1"
140,vKTT3m04,KTT3,match,,"0,1",,,,"0,1",,,,multiple-response binary,"KTT3‧請問您使用抖音(TikTok)主要的原因或動機是什麼呢?(可多選)(卡13)【K1答(11)者,或K2答(07)者,才需回答此題】 □ (01)維持與親友之間的關係 □ (02)查看一些您有興趣的人(包括認識與不認識都算,例如網紅)的資訊或影片 □ (03)與網紅或影片創作者互動 □ (04)接觸有興趣的事物 □ (05)獲得新資訊 □ (06)學習新事物(如跳舞、唱歌、料理) □ (07)記錄生活點滴(例如:錄影上傳旅遊、食物、健身等內容) □ (08)讓您和別人比較有話題 □ (09)讓您知道現在社會上發生什麼事 □ (10)獲得商品資訊 □ (11)發現現在的流行趨勢 □ (1"
141,vKTT3m05,KTT3,match,,"0,1",,,,"0,1",,,,multiple-response binary,"KTT3‧請問您使用抖音(TikTok)主要的原因或動機是什麼呢?(可多選)(卡13)【K1答(11)者,或K2答(07)者,才需回答此題】 □ (01)維持與親友之間的關係 □ (02)查看一些您有興趣的人(包括認識與不認識都算,例如網紅)的資訊或影片 □ (03)與網紅或影片創作者互動 □ (04)接觸有興趣的事物 □ (05)獲得新資訊 □ (06)學習新事物(如跳舞、唱歌、料理) □ (07)記錄生活點滴(例如:錄影上傳旅遊、食物、健身等內容) □ (08)讓您和別人比較有話題 □ (09)讓您知道現在社會上發生什麼事 □ (10)獲得商品資訊 □ (11)發現現在的流行趨勢 □ (1"
142,vKTT3m06,KTT3,match,,"0,1",,,,"0,1",,,,multiple-response binary,"KTT3‧請問您使用抖音(TikTok)主要的原因或動機是什麼呢?(可多選)(卡13)【K1答(11)者,或K2答(07)者,才需回答此題】 □ (01)維持與親友之間的關係 □ (02)查看一些您有興趣的人(包括認識與不認識都算,例如網紅)的資訊或影片 □ (03)與網紅或影片創作者互動 □ (04)接觸有興趣的事物 □ (05)獲得新資訊 □ (06)學習新事物(如跳舞、唱歌、料理) □ (07)記錄生活點滴(例如:錄影上傳旅遊、食物、健身等內容) □ (08)讓您和別人比較有話題 □ (09)讓您知道現在社會上發生什麼事 □ (10)獲得商品資訊 □ (11)發現現在的流行趨勢 □ (1"
143,vKTT3m07,KTT3,match,,"0,1",,,,"0,1",,,,multiple-response binary,"KTT3‧請問您使用抖音(TikTok)主要的原因或動機是什麼呢?(可多選)(卡13)【K1答(11)者,或K2答(07)者,才需回答此題】 □ (01)維持與親友之間的關係 □ (02)查看一些您有興趣的人(包括認識與不認識都算,例如網紅)的資訊或影片 □ (03)與網紅或影片創作者互動 □ (04)接觸有興趣的事物 □ (05)獲得新資訊 □ (06)學習新事物(如跳舞、唱歌、料理) □ (07)記錄生活點滴(例如:錄影上傳旅遊、食物、健身等內容) □ (08)讓您和別人比較有話題 □ (09)讓您知道現在社會上發生什麼事 □ (10)獲得商品資訊 □ (11)發現現在的流行趨勢 □ (1"
144,vKTT3m08,KTT3,match,,"0,1",,,,"0,1",,,,multiple-response binary,"KTT3‧請問您使用抖音(TikTok)主要的原因或動機是什麼呢?(可多選)(卡13)【K1答(11)者,或K2答(07)者,才需回答此題】 □ (01)維持與親友之間的關係 □ (02)查看一些您有興趣的人(包括認識與不認識都算,例如網紅)的資訊或影片 □ (03)與網紅或影片創作者互動 □ (04)接觸有興趣的事物 □ (05)獲得新資訊 □ (06)學習新事物(如跳舞、唱歌、料理) □ (07)記錄生活點滴(例如:錄影上傳旅遊、食物、健身等內容) □ (08)讓您和別人比較有話題 □ (09)讓您知道現在社會上發生什麼事 □ (10)獲得商品資訊 □ (11)發現現在的流行趨勢 □ (1"
145,vKTT3m09,KTT3,match,,"0,1",,,,"0,1",,,,multiple-response binary,"KTT3‧請問您使用抖音(TikTok)主要的原因或動機是什麼呢?(可多選)(卡13)【K1答(11)者,或K2答(07)者,才需回答此題】 □ (01)維持與親友之間的關係 □ (02)查看一些您有興趣的人(包括認識與不認識都算,例如網紅)的資訊或影片 □ (03)與網紅或影片創作者互動 □ (04)接觸有興趣的事物 □ (05)獲得新資訊 □ (06)學習新事物(如跳舞、唱歌、料理) □ (07)記錄生活點滴(例如:錄影上傳旅遊、食物、健身等內容) □ (08)讓您和別人比較有話題 □ (09)讓您知道現在社會上發生什麼事 □ (10)獲得商品資訊 □ (11)發現現在的流行趨勢 □ (1"
146,vKTT3m10,KTT3,match,,"0,1",96,,,"0,1",96,,,multiple-response binary,"KTT3‧請問您使用抖音(TikTok)主要的原因或動機是什麼呢?(可多選)(卡13)【K1答(11)者,或K2答(07)者,才需回答此題】 □ (01)維持與親友之間的關係 □ (02)查看一些您有興趣的人(包括認識與不認識都算,例如網紅)的資訊或影片 □ (03)與網紅或影片創作者互動 □ (04)接觸有興趣的事物 □ (05)獲得新資訊 □ (06)學習新事物(如跳舞、唱歌、料理) □ (07)記錄生活點滴(例如:錄影上傳旅遊、食物、健身等內容) □ (08)讓您和別人比較有話題 □ (09)讓您知道現在社會上發生什麼事 □ (10)獲得商品資訊 □ (11)發現現在的流行趨勢 □ (1"
147,vKTT3m11,KTT3,match,,"0,1",96,,,"0,1",96,,,multiple-response binary,"KTT3‧請問您使用抖音(TikTok)主要的原因或動機是什麼呢?(可多選)(卡13)【K1答(11)者,或K2答(07)者,才需回答此題】 □ (01)維持與親友之間的關係 □ (02)查看一些您有興趣的人(包括認識與不認識都算,例如網紅)的資訊或影片 □ (03)與網紅或影片創作者互動 □ (04)接觸有興趣的事物 □ (05)獲得新資訊 □ (06)學習新事物(如跳舞、唱歌、料理) □ (07)記錄生活點滴(例如:錄影上傳旅遊、食物、健身等內容) □ (08)讓您和別人比較有話題 □ (09)讓您知道現在社會上發生什麼事 □ (10)獲得商品資訊 □ (11)發現現在的流行趨勢 □ (1"
148,vKTT3m12,KTT3,match,,"0,1",96,,,"0,1",96,,,multiple-response binary,"KTT3‧請問您使用抖音(TikTok)主要的原因或動機是什麼呢?(可多選)(卡13)【K1答(11)者,或K2答(07)者,才需回答此題】 □ (01)維持與親友之間的關係 □ (02)查看一些您有興趣的人(包括認識與不認識都算,例如網紅)的資訊或影片 □ (03)與網紅或影片創作者互動 □ (04)接觸有興趣的事物 □ (05)獲得新資訊 □ (06)學習新事物(如跳舞、唱歌、料理) □ (07)記錄生活點滴(例如:錄影上傳旅遊、食物、健身等內容) □ (08)讓您和別人比較有話題 □ (09)讓您知道現在社會上發生什麼事 □ (10)獲得商品資訊 □ (11)發現現在的流行趨勢 □ (1"
149,vKTT3m13,KTT3,match,,"0,1",96,,,"0,1",96,,,multiple-response binary,"KTT3‧請問您使用抖音(TikTok)主要的原因或動機是什麼呢?(可多選)(卡13)【K1答(11)者,或K2答(07)者,才需回答此題】 □ (01)維持與親友之間的關係 □ (02)查看一些您有興趣的人(包括認識與不認識都算,例如網紅)的資訊或影片 □ (03)與網紅或影片創作者互動 □ (04)接觸有興趣的事物 □ (05)獲得新資訊 □ (06)學習新事物(如跳舞、唱歌、料理) □ (07)記錄生活點滴(例如:錄影上傳旅遊、食物、健身等內容) □ (08)讓您和別人比較有話題 □ (09)讓您知道現在社會上發生什麼事 □ (10)獲得商品資訊 □ (11)發現現在的流行趨勢 □ (1"
150,vKTT3m14,KTT3,match,,"0,1",96,,,"0,1",96,,,multiple-response binary,"KTT3‧請問您使用抖音(TikTok)主要的原因或動機是什麼呢?(可多選)(卡13)【K1答(11)者,或K2答(07)者,才需回答此題】 □ (01)維持與親友之間的關係 □ (02)查看一些您有興趣的人(包括認識與不認識都算,例如網紅)的資訊或影片 □ (03)與網紅或影片創作者互動 □ (04)接觸有興趣的事物 □ (05)獲得新資訊 □ (06)學習新事物(如跳舞、唱歌、料理) □ (07)記錄生活點滴(例如:錄影上傳旅遊、食物、健身等內容) □ (08)讓您和別人比較有話題 □ (09)讓您知道現在社會上發生什麼事 □ (10)獲得商品資訊 □ (11)發現現在的流行趨勢 □ (1"
151,vKTT3m15,KTT3,match,,"0,1",96,,,"0,1",96,,,multiple-response binary,"KTT3‧請問您使用抖音(TikTok)主要的原因或動機是什麼呢?(可多選)(卡13)【K1答(11)者,或K2答(07)者,才需回答此題】 □ (01)維持與親友之間的關係 □ (02)查看一些您有興趣的人(包括認識與不認識都算,例如網紅)的資訊或影片 □ (03)與網紅或影片創作者互動 □ (04)接觸有興趣的事物 □ (05)獲得新資訊 □ (06)學習新事物(如跳舞、唱歌、料理) □ (07)記錄生活點滴(例如:錄影上傳旅遊、食物、健身等內容) □ (08)讓您和別人比較有話題 □ (09)讓您知道現在社會上發生什麼事 □ (10)獲得商品資訊 □ (11)發現現在的流行趨勢 □ (1"
152,vKTT3m16,KTT3,match,,"0,1",96,,,"0,1",96,,,multiple-response binary,"KTT3‧請問您使用抖音(TikTok)主要的原因或動機是什麼呢?(可多選)(卡13)【K1答(11)者,或K2答(07)者,才需回答此題】 □ (01)維持與親友之間的關係 □ (02)查看一些您有興趣的人(包括認識與不認識都算,例如網紅)的資訊或影片 □ (03)與網紅或影片創作者互動 □ (04)接觸有興趣的事物 □ (05)獲得新資訊 □ (06)學習新事物(如跳舞、唱歌、料理) □ (07)記錄生活點滴(例如:錄影上傳旅遊、食物、健身等內容) □ (08)讓您和別人比較有話題 □ (09)讓您知道現在社會上發生什麼事 □ (10)獲得商品資訊 □ (11)發現現在的流行趨勢 □ (1"
153,vKTT3m88,KTT3,match,,"0,1",96,,,"0,1",96,,,multiple-response binary,"KTT3‧請問您使用抖音(TikTok)主要的原因或動機是什麼呢?(可多選)(卡13)【K1答(11)者,或K2答(07)者,才需回答此題】 □ (01)維持與親友之間的關係 □ (02)查看一些您有興趣的人(包括認識與不認識都算,例如網紅)的資訊或影片 □ (03)與網紅或影片創作者互動 □ (04)接觸有興趣的事物 □ (05)獲得新資訊 □ (06)學習新事物(如跳舞、唱歌、料理) □ (07)記錄生活點滴(例如:錄影上傳旅遊、食物、健身等內容) □ (08)讓您和別人比較有話題 □ (09)讓您知道現在社會上發生什麼事 □ (10)獲得商品資訊 □ (11)發現現在的流行趨勢 □ (1"
154,vKTT4m01,KTT4,match,,"0,1",,,,"0,1",,,,multiple-response binary,"KTT4‧請問您平常會在抖音(TikTok)上做哪些事情呢?(可多選)(卡14)【K1答(11)者,或K2答(07)者,才需回答此題】 □ (01)上傳自己製作的影片 □ (02)在影片當中留言或按愛心 □ (03)看直播時在聊天室和別人(包含直播主與網友)互動 □ (04)看直播(例如:遊戲實況、演唱會等) □ (05)瀏覽自動推薦的影片(例如:沒有主動搜尋,但抖音TikTok會依照您的喜好列出為您推薦的影片,吸引您看更多影片) □ (06)看影片 □ (07)瀏覽熱門影片(例如:抖音TikTok的探索特區中會排序列出近期最熱門的影片) □ (08)看別人在影片當中的留言 □ (09)觀看追"
155,vKTT4m02,KTT4,match,,"0,1",,,,"0,1",,,,multiple-response binary,"KTT4‧請問您平常會在抖音(TikTok)上做哪些事情呢?(可多選)(卡14)【K1答(11)者,或K2答(07)者,才需回答此題】 □ (01)上傳自己製作的影片 □ (02)在影片當中留言或按愛心 □ (03)看直播時在聊天室和別人(包含直播主與網友)互動 □ (04)看直播(例如:遊戲實況、演唱會等) □ (05)瀏覽自動推薦的影片(例如:沒有主動搜尋,但抖音TikTok會依照您的喜好列出為您推薦的影片,吸引您看更多影片) □ (06)看影片 □ (07)瀏覽熱門影片(例如:抖音TikTok的探索特區中會排序列出近期最熱門的影片) □ (08)看別人在影片當中的留言 □ (09)觀看追"
156,vKTT4m03,KTT4,match,,"0,1",,,,"0,1",,,,multiple-response binary,"KTT4‧請問您平常會在抖音(TikTok)上做哪些事情呢?(可多選)(卡14)【K1答(11)者,或K2答(07)者,才需回答此題】 □ (01)上傳自己製作的影片 □ (02)在影片當中留言或按愛心 □ (03)看直播時在聊天室和別人(包含直播主與網友)互動 □ (04)看直播(例如:遊戲實況、演唱會等) □ (05)瀏覽自動推薦的影片(例如:沒有主動搜尋,但抖音TikTok會依照您的喜好列出為您推薦的影片,吸引您看更多影片) □ (06)看影片 □ (07)瀏覽熱門影片(例如:抖音TikTok的探索特區中會排序列出近期最熱門的影片) □ (08)看別人在影片當中的留言 □ (09)觀看追"
157,vKTT4m04,KTT4,match,,"0,1",,,,"0,1",,,,multiple-response binary,"KTT4‧請問您平常會在抖音(TikTok)上做哪些事情呢?(可多選)(卡14)【K1答(11)者,或K2答(07)者,才需回答此題】 □ (01)上傳自己製作的影片 □ (02)在影片當中留言或按愛心 □ (03)看直播時在聊天室和別人(包含直播主與網友)互動 □ (04)看直播(例如:遊戲實況、演唱會等) □ (05)瀏覽自動推薦的影片(例如:沒有主動搜尋,但抖音TikTok會依照您的喜好列出為您推薦的影片,吸引您看更多影片) □ (06)看影片 □ (07)瀏覽熱門影片(例如:抖音TikTok的探索特區中會排序列出近期最熱門的影片) □ (08)看別人在影片當中的留言 □ (09)觀看追"
158,vKTT4m05,KTT4,match,,"0,1",,,,"0,1",,,,multiple-response binary,"KTT4‧請問您平常會在抖音(TikTok)上做哪些事情呢?(可多選)(卡14)【K1答(11)者,或K2答(07)者,才需回答此題】 □ (01)上傳自己製作的影片 □ (02)在影片當中留言或按愛心 □ (03)看直播時在聊天室和別人(包含直播主與網友)互動 □ (04)看直播(例如:遊戲實況、演唱會等) □ (05)瀏覽自動推薦的影片(例如:沒有主動搜尋,但抖音TikTok會依照您的喜好列出為您推薦的影片,吸引您看更多影片) □ (06)看影片 □ (07)瀏覽熱門影片(例如:抖音TikTok的探索特區中會排序列出近期最熱門的影片) □ (08)看別人在影片當中的留言 □ (09)觀看追"
159,vKTT4m06,KTT4,match,,"0,1",,,,"0,1",,,,multiple-response binary,"KTT4‧請問您平常會在抖音(TikTok)上做哪些事情呢?(可多選)(卡14)【K1答(11)者,或K2答(07)者,才需回答此題】 □ (01)上傳自己製作的影片 □ (02)在影片當中留言或按愛心 □ (03)看直播時在聊天室和別人(包含直播主與網友)互動 □ (04)看直播(例如:遊戲實況、演唱會等) □ (05)瀏覽自動推薦的影片(例如:沒有主動搜尋,但抖音TikTok會依照您的喜好列出為您推薦的影片,吸引您看更多影片) □ (06)看影片 □ (07)瀏覽熱門影片(例如:抖音TikTok的探索特區中會排序列出近期最熱門的影片) □ (08)看別人在影片當中的留言 □ (09)觀看追"
160,vKTT4m07,KTT4,match,,"0,1",,,,"0,1",,,,multiple-response binary,"KTT4‧請問您平常會在抖音(TikTok)上做哪些事情呢?(可多選)(卡14)【K1答(11)者,或K2答(07)者,才需回答此題】 □ (01)上傳自己製作的影片 □ (02)在影片當中留言或按愛心 □ (03)看直播時在聊天室和別人(包含直播主與網友)互動 □ (04)看直播(例如:遊戲實況、演唱會等) □ (05)瀏覽自動推薦的影片(例如:沒有主動搜尋,但抖音TikTok會依照您的喜好列出為您推薦的影片,吸引您看更多影片) □ (06)看影片 □ (07)瀏覽熱門影片(例如:抖音TikTok的探索特區中會排序列出近期最熱門的影片) □ (08)看別人在影片當中的留言 □ (09)觀看追"
161,vKTT4m08,KTT4,match,,"0,1",,,,"0,1",,,,multiple-response binary,"KTT4‧請問您平常會在抖音(TikTok)上做哪些事情呢?(可多選)(卡14)【K1答(11)者,或K2答(07)者,才需回答此題】 □ (01)上傳自己製作的影片 □ (02)在影片當中留言或按愛心 □ (03)看直播時在聊天室和別人(包含直播主與網友)互動 □ (04)看直播(例如:遊戲實況、演唱會等) □ (05)瀏覽自動推薦的影片(例如:沒有主動搜尋,但抖音TikTok會依照您的喜好列出為您推薦的影片,吸引您看更多影片) □ (06)看影片 □ (07)瀏覽熱門影片(例如:抖音TikTok的探索特區中會排序列出近期最熱門的影片) □ (08)看別人在影片當中的留言 □ (09)觀看追"
162,vKTT4m09,KTT4,match,,"0,1",,,,"0,1",,,,multiple-response binary,"KTT4‧請問您平常會在抖音(TikTok)上做哪些事情呢?(可多選)(卡14)【K1答(11)者,或K2答(07)者,才需回答此題】 □ (01)上傳自己製作的影片 □ (02)在影片當中留言或按愛心 □ (03)看直播時在聊天室和別人(包含直播主與網友)互動 □ (04)看直播(例如:遊戲實況、演唱會等) □ (05)瀏覽自動推薦的影片(例如:沒有主動搜尋,但抖音TikTok會依照您的喜好列出為您推薦的影片,吸引您看更多影片) □ (06)看影片 □ (07)瀏覽熱門影片(例如:抖音TikTok的探索特區中會排序列出近期最熱門的影片) □ (08)看別人在影片當中的留言 □ (09)觀看追"
163,vKTT4m10,KTT4,match,,"0,1",96,,,"0,1",96,,,multiple-response binary,"KTT4‧請問您平常會在抖音(TikTok)上做哪些事情呢?(可多選)(卡14)【K1答(11)者,或K2答(07)者,才需回答此題】 □ (01)上傳自己製作的影片 □ (02)在影片當中留言或按愛心 □ (03)看直播時在聊天室和別人(包含直播主與網友)互動 □ (04)看直播(例如:遊戲實況、演唱會等) □ (05)瀏覽自動推薦的影片(例如:沒有主動搜尋,但抖音TikTok會依照您的喜好列出為您推薦的影片,吸引您看更多影片) □ (06)看影片 □ (07)瀏覽熱門影片(例如:抖音TikTok的探索特區中會排序列出近期最熱門的影片) □ (08)看別人在影片當中的留言 □ (09)觀看追"
164,vKTT4m11,KTT4,match,,"0,1",96,,,"0,1",96,,,multiple-response binary,"KTT4‧請問您平常會在抖音(TikTok)上做哪些事情呢?(可多選)(卡14)【K1答(11)者,或K2答(07)者,才需回答此題】 □ (01)上傳自己製作的影片 □ (02)在影片當中留言或按愛心 □ (03)看直播時在聊天室和別人(包含直播主與網友)互動 □ (04)看直播(例如:遊戲實況、演唱會等) □ (05)瀏覽自動推薦的影片(例如:沒有主動搜尋,但抖音TikTok會依照您的喜好列出為您推薦的影片,吸引您看更多影片) □ (06)看影片 □ (07)瀏覽熱門影片(例如:抖音TikTok的探索特區中會排序列出近期最熱門的影片) □ (08)看別人在影片當中的留言 □ (09)觀看追"
165,vKTT4m12,KTT4,match,,"0,1",96,,,"0,1",96,,,multiple-response binary,"KTT4‧請問您平常會在抖音(TikTok)上做哪些事情呢?(可多選)(卡14)【K1答(11)者,或K2答(07)者,才需回答此題】 □ (01)上傳自己製作的影片 □ (02)在影片當中留言或按愛心 □ (03)看直播時在聊天室和別人(包含直播主與網友)互動 □ (04)看直播(例如:遊戲實況、演唱會等) □ (05)瀏覽自動推薦的影片(例如:沒有主動搜尋,但抖音TikTok會依照您的喜好列出為您推薦的影片,吸引您看更多影片) □ (06)看影片 □ (07)瀏覽熱門影片(例如:抖音TikTok的探索特區中會排序列出近期最熱門的影片) □ (08)看別人在影片當中的留言 □ (09)觀看追"
166,vKTT4m13,KTT4,match,,"0,1",96,,,"0,1",96,,,multiple-response binary,"KTT4‧請問您平常會在抖音(TikTok)上做哪些事情呢?(可多選)(卡14)【K1答(11)者,或K2答(07)者,才需回答此題】 □ (01)上傳自己製作的影片 □ (02)在影片當中留言或按愛心 □ (03)看直播時在聊天室和別人(包含直播主與網友)互動 □ (04)看直播(例如:遊戲實況、演唱會等) □ (05)瀏覽自動推薦的影片(例如:沒有主動搜尋,但抖音TikTok會依照您的喜好列出為您推薦的影片,吸引您看更多影片) □ (06)看影片 □ (07)瀏覽熱門影片(例如:抖音TikTok的探索特區中會排序列出近期最熱門的影片) □ (08)看別人在影片當中的留言 □ (09)觀看追"
167,vKTT4m14,KTT4,match,,"0,1",96,,,"0,1",96,,,multiple-response binary,"KTT4‧請問您平常會在抖音(TikTok)上做哪些事情呢?(可多選)(卡14)【K1答(11)者,或K2答(07)者,才需回答此題】 □ (01)上傳自己製作的影片 □ (02)在影片當中留言或按愛心 □ (03)看直播時在聊天室和別人(包含直播主與網友)互動 □ (04)看直播(例如:遊戲實況、演唱會等) □ (05)瀏覽自動推薦的影片(例如:沒有主動搜尋,但抖音TikTok會依照您的喜好列出為您推薦的影片,吸引您看更多影片) □ (06)看影片 □ (07)瀏覽熱門影片(例如:抖音TikTok的探索特區中會排序列出近期最熱門的影片) □ (08)看別人在影片當中的留言 □ (09)觀看追"
168,vKTT4m88,KTT4,match,,"0,1",96,,,"0,1",96,,,multiple-response binary,"KTT4‧請問您平常會在抖音(TikTok)上做哪些事情呢?(可多選)(卡14)【K1答(11)者,或K2答(07)者,才需回答此題】 □ (01)上傳自己製作的影片 □ (02)在影片當中留言或按愛心 □ (03)看直播時在聊天室和別人(包含直播主與網友)互動 □ (04)看直播(例如:遊戲實況、演唱會等) □ (05)瀏覽自動推薦的影片(例如:沒有主動搜尋,但抖音TikTok會依照您的喜好列出為您推薦的影片,吸引您看更多影片) □ (06)看影片 □ (07)瀏覽熱門影片(例如:抖音TikTok的探索特區中會排序列出近期最熱門的影片) □ (08)看別人在影片當中的留言 □ (09)觀看追"
169,vKTT5m01,KTT5,match,,"0,1",,,,"0,1",,,,multiple-response binary,"KTT5‧請問您平常會在抖音(TikTok)上看什麼內容?(可多選)(卡15)【K1答(11)者,或K2答(07)者,才需回答此題】 □ (01)趣味、娛樂 □ (02)唱歌、跳舞 □ (03)整人、惡搞 □ (04)健身、運動 □ (05)居家裝修、住宅改造 □ (06)美容、美妝 □ (07)時尚、流行 □ (08)美食、烹飪□ (09)生活妙招、常識或建議 □ (10)寵物 □ (11)戶外活動 □ (12)新聞時事 □ (88)其他,請說明___________ 【開放欄位】 □ (97)不知道 □ (98)拒答 【陶振超委員】P5_1‧請問您每週平均有幾天使用Threads?【數值題"
170,vKTT5m02,KTT5,match,,"0,1",,,,"0,1",,,,multiple-response binary,"KTT5‧請問您平常會在抖音(TikTok)上看什麼內容?(可多選)(卡15)【K1答(11)者,或K2答(07)者,才需回答此題】 □ (01)趣味、娛樂 □ (02)唱歌、跳舞 □ (03)整人、惡搞 □ (04)健身、運動 □ (05)居家裝修、住宅改造 □ (06)美容、美妝 □ (07)時尚、流行 □ (08)美食、烹飪□ (09)生活妙招、常識或建議 □ (10)寵物 □ (11)戶外活動 □ (12)新聞時事 □ (88)其他,請說明___________ 【開放欄位】 □ (97)不知道 □ (98)拒答 【陶振超委員】P5_1‧請問您每週平均有幾天使用Threads?【數值題"
171,vKTT5m03,KTT5,match,,"0,1",,,,"0,1",,,,multiple-response binary,"KTT5‧請問您平常會在抖音(TikTok)上看什麼內容?(可多選)(卡15)【K1答(11)者,或K2答(07)者,才需回答此題】 □ (01)趣味、娛樂 □ (02)唱歌、跳舞 □ (03)整人、惡搞 □ (04)健身、運動 □ (05)居家裝修、住宅改造 □ (06)美容、美妝 □ (07)時尚、流行 □ (08)美食、烹飪□ (09)生活妙招、常識或建議 □ (10)寵物 □ (11)戶外活動 □ (12)新聞時事 □ (88)其他,請說明___________ 【開放欄位】 □ (97)不知道 □ (98)拒答 【陶振超委員】P5_1‧請問您每週平均有幾天使用Threads?【數值題"
172,vKTT5m04,KTT5,match,,"0,1",,,,"0,1",,,,multiple-response binary,"KTT5‧請問您平常會在抖音(TikTok)上看什麼內容?(可多選)(卡15)【K1答(11)者,或K2答(07)者,才需回答此題】 □ (01)趣味、娛樂 □ (02)唱歌、跳舞 □ (03)整人、惡搞 □ (04)健身、運動 □ (05)居家裝修、住宅改造 □ (06)美容、美妝 □ (07)時尚、流行 □ (08)美食、烹飪□ (09)生活妙招、常識或建議 □ (10)寵物 □ (11)戶外活動 □ (12)新聞時事 □ (88)其他,請說明___________ 【開放欄位】 □ (97)不知道 □ (98)拒答 【陶振超委員】P5_1‧請問您每週平均有幾天使用Threads?【數值題"
173,vKTT5m05,KTT5,match,,"0,1",,,,"0,1",,,,multiple-response binary,"KTT5‧請問您平常會在抖音(TikTok)上看什麼內容?(可多選)(卡15)【K1答(11)者,或K2答(07)者,才需回答此題】 □ (01)趣味、娛樂 □ (02)唱歌、跳舞 □ (03)整人、惡搞 □ (04)健身、運動 □ (05)居家裝修、住宅改造 □ (06)美容、美妝 □ (07)時尚、流行 □ (08)美食、烹飪□ (09)生活妙招、常識或建議 □ (10)寵物 □ (11)戶外活動 □ (12)新聞時事 □ (88)其他,請說明___________ 【開放欄位】 □ (97)不知道 □ (98)拒答 【陶振超委員】P5_1‧請問您每週平均有幾天使用Threads?【數值題"
174,vKTT5m06,KTT5,match,,"0,1",,,,"0,1",,,,multiple-response binary,"KTT5‧請問您平常會在抖音(TikTok)上看什麼內容?(可多選)(卡15)【K1答(11)者,或K2答(07)者,才需回答此題】 □ (01)趣味、娛樂 □ (02)唱歌、跳舞 □ (03)整人、惡搞 □ (04)健身、運動 □ (05)居家裝修、住宅改造 □ (06)美容、美妝 □ (07)時尚、流行 □ (08)美食、烹飪□ (09)生活妙招、常識或建議 □ (10)寵物 □ (11)戶外活動 □ (12)新聞時事 □ (88)其他,請說明___________ 【開放欄位】 □ (97)不知道 □ (98)拒答 【陶振超委員】P5_1‧請問您每週平均有幾天使用Threads?【數值題"
175,vKTT5m07,KTT5,match,,"0,1",,,,"0,1",,,,multiple-response binary,"KTT5‧請問您平常會在抖音(TikTok)上看什麼內容?(可多選)(卡15)【K1答(11)者,或K2答(07)者,才需回答此題】 □ (01)趣味、娛樂 □ (02)唱歌、跳舞 □ (03)整人、惡搞 □ (04)健身、運動 □ (05)居家裝修、住宅改造 □ (06)美容、美妝 □ (07)時尚、流行 □ (08)美食、烹飪□ (09)生活妙招、常識或建議 □ (10)寵物 □ (11)戶外活動 □ (12)新聞時事 □ (88)其他,請說明___________ 【開放欄位】 □ (97)不知道 □ (98)拒答 【陶振超委員】P5_1‧請問您每週平均有幾天使用Threads?【數值題"
176,vKTT5m08,KTT5,match,,"0,1",,,,"0,1",,,,multiple-response binary,"KTT5‧請問您平常會在抖音(TikTok)上看什麼內容?(可多選)(卡15)【K1答(11)者,或K2答(07)者,才需回答此題】 □ (01)趣味、娛樂 □ (02)唱歌、跳舞 □ (03)整人、惡搞 □ (04)健身、運動 □ (05)居家裝修、住宅改造 □ (06)美容、美妝 □ (07)時尚、流行 □ (08)美食、烹飪□ (09)生活妙招、常識或建議 □ (10)寵物 □ (11)戶外活動 □ (12)新聞時事 □ (88)其他,請說明___________ 【開放欄位】 □ (97)不知道 □ (98)拒答 【陶振超委員】P5_1‧請問您每週平均有幾天使用Threads?【數值題"
177,vKTT5m09,KTT5,match,,"0,1",,,,"0,1",,,,multiple-response binary,"KTT5‧請問您平常會在抖音(TikTok)上看什麼內容?(可多選)(卡15)【K1答(11)者,或K2答(07)者,才需回答此題】 □ (01)趣味、娛樂 □ (02)唱歌、跳舞 □ (03)整人、惡搞 □ (04)健身、運動 □ (05)居家裝修、住宅改造 □ (06)美容、美妝 □ (07)時尚、流行 □ (08)美食、烹飪□ (09)生活妙招、常識或建議 □ (10)寵物 □ (11)戶外活動 □ (12)新聞時事 □ (88)其他,請說明___________ 【開放欄位】 □ (97)不知道 □ (98)拒答 【陶振超委員】P5_1‧請問您每週平均有幾天使用Threads?【數值題"
178,vKTT5m10,KTT5,match,,"0,1",96,,,"0,1",96,,,multiple-response binary,"KTT5‧請問您平常會在抖音(TikTok)上看什麼內容?(可多選)(卡15)【K1答(11)者,或K2答(07)者,才需回答此題】 □ (01)趣味、娛樂 □ (02)唱歌、跳舞 □ (03)整人、惡搞 □ (04)健身、運動 □ (05)居家裝修、住宅改造 □ (06)美容、美妝 □ (07)時尚、流行 □ (08)美食、烹飪□ (09)生活妙招、常識或建議 □ (10)寵物 □ (11)戶外活動 □ (12)新聞時事 □ (88)其他,請說明___________ 【開放欄位】 □ (97)不知道 □ (98)拒答 【陶振超委員】P5_1‧請問您每週平均有幾天使用Threads?【數值題"
179,vKTT5m11,KTT5,match,,"0,1",96,,,"0,1",96,,,multiple-response binary,"KTT5‧請問您平常會在抖音(TikTok)上看什麼內容?(可多選)(卡15)【K1答(11)者,或K2答(07)者,才需回答此題】 □ (01)趣味、娛樂 □ (02)唱歌、跳舞 □ (03)整人、惡搞 □ (04)健身、運動 □ (05)居家裝修、住宅改造 □ (06)美容、美妝 □ (07)時尚、流行 □ (08)美食、烹飪□ (09)生活妙招、常識或建議 □ (10)寵物 □ (11)戶外活動 □ (12)新聞時事 □ (88)其他,請說明___________ 【開放欄位】 □ (97)不知道 □ (98)拒答 【陶振超委員】P5_1‧請問您每週平均有幾天使用Threads?【數值題"
180,vKTT5m12,KTT5,match,,"0,1",96,,,"0,1",96,,,multiple-response binary,"KTT5‧請問您平常會在抖音(TikTok)上看什麼內容?(可多選)(卡15)【K1答(11)者,或K2答(07)者,才需回答此題】 □ (01)趣味、娛樂 □ (02)唱歌、跳舞 □ (03)整人、惡搞 □ (04)健身、運動 □ (05)居家裝修、住宅改造 □ (06)美容、美妝 □ (07)時尚、流行 □ (08)美食、烹飪□ (09)生活妙招、常識或建議 □ (10)寵物 □ (11)戶外活動 □ (12)新聞時事 □ (88)其他,請說明___________ 【開放欄位】 □ (97)不知道 □ (98)拒答 【陶振超委員】P5_1‧請問您每週平均有幾天使用Threads?【數值題"
181,vKTT5m88,KTT5,match,,"0,1",96,,,"0,1",96,,,multiple-response binary,"KTT5‧請問您平常會在抖音(TikTok)上看什麼內容?(可多選)(卡15)【K1答(11)者,或K2答(07)者,才需回答此題】 □ (01)趣味、娛樂 □ (02)唱歌、跳舞 □ (03)整人、惡搞 □ (04)健身、運動 □ (05)居家裝修、住宅改造 □ (06)美容、美妝 □ (07)時尚、流行 □ (08)美食、烹飪□ (09)生活妙招、常識或建議 □ (10)寵物 □ (11)戶外活動 □ (12)新聞時事 □ (88)其他,請說明___________ 【開放欄位】 □ (97)不知道 □ (98)拒答 【陶振超委員】P5_1‧請問您每週平均有幾天使用Threads?【數值題"
182,vP5_1,,manual,no automatic proposal,"0.5,7",95,97,98,,,,,no numeric range found,
183,vP5_2,,manual,no automatic proposal,"1,2359",9797,9898,,,,,,no numeric range found,
184,vK3m01,K3,match,,"0,1",,,,"0,1",,,,multiple-response binary,"K3‧請問您最近一個月有沒有使用下列影音平台?(可多選)(卡16) 訪員注意: 1.YouTube必須真的在看或在聽才算有在使用,只是當背景音樂不算。 2.若是在LINE上看到YouTube影片,有點開YouTube網頁或APP才算有使用。 3.不論是透過手機、平板、電腦或智慧電視用影音平台都算。 □ (01)YouTube □ (02)愛奇藝 □ (03)Netflix(網飛) □ (04)LINE TV (已與原KKTV合併) □ (05)LiTV □ (06)Twitch □ (07)Disney+(迪士尼串流平台) □ (08)巴哈姆特動畫瘋 □ (09) Bilibili嗶哩嗶哩 □"
185,vK3m02,K3,match,,"0,1",,,,"0,1",,,,multiple-response binary,"K3‧請問您最近一個月有沒有使用下列影音平台?(可多選)(卡16) 訪員注意: 1.YouTube必須真的在看或在聽才算有在使用,只是當背景音樂不算。 2.若是在LINE上看到YouTube影片,有點開YouTube網頁或APP才算有使用。 3.不論是透過手機、平板、電腦或智慧電視用影音平台都算。 □ (01)YouTube □ (02)愛奇藝 □ (03)Netflix(網飛) □ (04)LINE TV (已與原KKTV合併) □ (05)LiTV □ (06)Twitch □ (07)Disney+(迪士尼串流平台) □ (08)巴哈姆特動畫瘋 □ (09) Bilibili嗶哩嗶哩 □"
186,vK3m03,K3,match,,"0,1",,,,"0,1",,,,multiple-response binary,"K3‧請問您最近一個月有沒有使用下列影音平台?(可多選)(卡16) 訪員注意: 1.YouTube必須真的在看或在聽才算有在使用,只是當背景音樂不算。 2.若是在LINE上看到YouTube影片,有點開YouTube網頁或APP才算有使用。 3.不論是透過手機、平板、電腦或智慧電視用影音平台都算。 □ (01)YouTube □ (02)愛奇藝 □ (03)Netflix(網飛) □ (04)LINE TV (已與原KKTV合併) □ (05)LiTV □ (06)Twitch □ (07)Disney+(迪士尼串流平台) □ (08)巴哈姆特動畫瘋 □ (09) Bilibili嗶哩嗶哩 □"
187,vK3m04,K3,match,,"0,1",,,,"0,1",,,,multiple-response binary,"K3‧請問您最近一個月有沒有使用下列影音平台?(可多選)(卡16) 訪員注意: 1.YouTube必須真的在看或在聽才算有在使用,只是當背景音樂不算。 2.若是在LINE上看到YouTube影片,有點開YouTube網頁或APP才算有使用。 3.不論是透過手機、平板、電腦或智慧電視用影音平台都算。 □ (01)YouTube □ (02)愛奇藝 □ (03)Netflix(網飛) □ (04)LINE TV (已與原KKTV合併) □ (05)LiTV □ (06)Twitch □ (07)Disney+(迪士尼串流平台) □ (08)巴哈姆特動畫瘋 □ (09) Bilibili嗶哩嗶哩 □"
188,vK3m05,K3,match,,"0,1",,,,"0,1",,,,multiple-response binary,"K3‧請問您最近一個月有沒有使用下列影音平台?(可多選)(卡16) 訪員注意: 1.YouTube必須真的在看或在聽才算有在使用,只是當背景音樂不算。 2.若是在LINE上看到YouTube影片,有點開YouTube網頁或APP才算有使用。 3.不論是透過手機、平板、電腦或智慧電視用影音平台都算。 □ (01)YouTube □ (02)愛奇藝 □ (03)Netflix(網飛) □ (04)LINE TV (已與原KKTV合併) □ (05)LiTV □ (06)Twitch □ (07)Disney+(迪士尼串流平台) □ (08)巴哈姆特動畫瘋 □ (09) Bilibili嗶哩嗶哩 □"
189,vK3m06,K3,match,,"0,1",,,,"0,1",,,,multiple-response binary,"K3‧請問您最近一個月有沒有使用下列影音平台?(可多選)(卡16) 訪員注意: 1.YouTube必須真的在看或在聽才算有在使用,只是當背景音樂不算。 2.若是在LINE上看到YouTube影片,有點開YouTube網頁或APP才算有使用。 3.不論是透過手機、平板、電腦或智慧電視用影音平台都算。 □ (01)YouTube □ (02)愛奇藝 □ (03)Netflix(網飛) □ (04)LINE TV (已與原KKTV合併) □ (05)LiTV □ (06)Twitch □ (07)Disney+(迪士尼串流平台) □ (08)巴哈姆特動畫瘋 □ (09) Bilibili嗶哩嗶哩 □"
190,vK3m07,K3,match,,"0,1",,,,"0,1",,,,multiple-response binary,"K3‧請問您最近一個月有沒有使用下列影音平台?(可多選)(卡16) 訪員注意: 1.YouTube必須真的在看或在聽才算有在使用,只是當背景音樂不算。 2.若是在LINE上看到YouTube影片,有點開YouTube網頁或APP才算有使用。 3.不論是透過手機、平板、電腦或智慧電視用影音平台都算。 □ (01)YouTube □ (02)愛奇藝 □ (03)Netflix(網飛) □ (04)LINE TV (已與原KKTV合併) □ (05)LiTV □ (06)Twitch □ (07)Disney+(迪士尼串流平台) □ (08)巴哈姆特動畫瘋 □ (09) Bilibili嗶哩嗶哩 □"
191,vK3m08,K3,match,,"0,1",,,,"0,1",,,,multiple-response binary,"K3‧請問您最近一個月有沒有使用下列影音平台?(可多選)(卡16) 訪員注意: 1.YouTube必須真的在看或在聽才算有在使用,只是當背景音樂不算。 2.若是在LINE上看到YouTube影片,有點開YouTube網頁或APP才算有使用。 3.不論是透過手機、平板、電腦或智慧電視用影音平台都算。 □ (01)YouTube □ (02)愛奇藝 □ (03)Netflix(網飛) □ (04)LINE TV (已與原KKTV合併) □ (05)LiTV □ (06)Twitch □ (07)Disney+(迪士尼串流平台) □ (08)巴哈姆特動畫瘋 □ (09) Bilibili嗶哩嗶哩 □"
192,vK3m09,K3,match,,"0,1",,,,"0,1",,,,multiple-response binary,"K3‧請問您最近一個月有沒有使用下列影音平台?(可多選)(卡16) 訪員注意: 1.YouTube必須真的在看或在聽才算有在使用,只是當背景音樂不算。 2.若是在LINE上看到YouTube影片,有點開YouTube網頁或APP才算有使用。 3.不論是透過手機、平板、電腦或智慧電視用影音平台都算。 □ (01)YouTube □ (02)愛奇藝 □ (03)Netflix(網飛) □ (04)LINE TV (已與原KKTV合併) □ (05)LiTV □ (06)Twitch □ (07)Disney+(迪士尼串流平台) □ (08)巴哈姆特動畫瘋 □ (09) Bilibili嗶哩嗶哩 □"
193,vK3m88,K3,match,,"0,1",96,,,"0,1",96,,,multiple-response binary,"K3‧請問您最近一個月有沒有使用下列影音平台?(可多選)(卡16) 訪員注意: 1.YouTube必須真的在看或在聽才算有在使用,只是當背景音樂不算。 2.若是在LINE上看到YouTube影片,有點開YouTube網頁或APP才算有使用。 3.不論是透過手機、平板、電腦或智慧電視用影音平台都算。 □ (01)YouTube □ (02)愛奇藝 □ (03)Netflix(網飛) □ (04)LINE TV (已與原KKTV合併) □ (05)LiTV □ (06)Twitch □ (07)Disney+(迪士尼串流平台) □ (08)巴哈姆特動畫瘋 □ (09) Bilibili嗶哩嗶哩 □"
194,vK3m90,K3,match,,"0,1",96,,,"0,1",96,,,multiple-response binary,"K3‧請問您最近一個月有沒有使用下列影音平台?(可多選)(卡16) 訪員注意: 1.YouTube必須真的在看或在聽才算有在使用,只是當背景音樂不算。 2.若是在LINE上看到YouTube影片,有點開YouTube網頁或APP才算有使用。 3.不論是透過手機、平板、電腦或智慧電視用影音平台都算。 □ (01)YouTube □ (02)愛奇藝 □ (03)Netflix(網飛) □ (04)LINE TV (已與原KKTV合併) □ (05)LiTV □ (06)Twitch □ (07)Disney+(迪士尼串流平台) □ (08)巴哈姆特動畫瘋 □ (09) Bilibili嗶哩嗶哩 □"
195,vE18,E18,match,,"1,88",97,98,,"1,88",97,98,,option code span including table,"E18‧請問您平常主要是透過哪種方式使用YouTube?(卡17)【K3答(01)者,才需回答此題】 訪員注意:如果是用手機連到電視螢幕,依然認定是透過「手機」使用YouTube。 □ (01)手機【與D1答(03)互斥】 □ (02)平板 □ (03)電腦(包括桌機與筆電) □ (04)智慧型電視/連網電視□ (88)其他,請說明:_________【開放填答】 □ (97)不知道 □ (98)拒答"
196,vKYT1,KYT1,mismatch,existing r1-r4 differ from proposal,"0.5,7",95,97,98,95,97,98,,option code span including table,"KYT1‧請問您每週平均有幾天使用YouTube?【數值題,可輸入小數點,範圍為0.5、1、1.5、2、2.5、3、3.5、4、4.5、5、5.5、6、6.5、7、95、97、98】【K3答(01)者,才需回答此題】 * YouTube必須真的在看或在聽才算有在使用,只是當背景音樂不算。 * 若沒有固定使用YouTube(例如:看到喜歡、有興趣的影片才會看),請受訪者回想「最近一週」使用YouTube的天數。 訪員注意: 1.本題為數值題,若為區間請取「中間值」,例如:3~4天,請填入「3.5」天。 2.答案無法填答時(例如:一個月只看1天)或每週平均用不到0.5天,請填入「95」。 ____"
197,vKYT2,KYT2,match,,"1,2359",9797,9898,,"1,2359",9797,9898,,explicit numeric range,"KYT2‧在您有使用YouTube的那一天,您一整天大概會使用多久(真的有在用YouTube的時間)?【數值題,範圍:0001-2359、9797、9898】【K3答(01)者,才需回答此題】 * 若使用時間很分散,只要有空就會用,請受訪者儘量回想在什麼場合會看YouTube,如:通勤、睡 前等,將這些時間進行加總。 * 請以發生頻率較高(天數較多)來回答一整天看的時間,不是填看最長的時間。例如星期一到星期四都是3小時,星期五到星期日都是6小時,則頻率較高為星期一到星期四,答案填入「0300」。 訪員注意: 1.本題為數值題,請填入4位數,例如2小時30分,請填入「0230」。 2.若為區間請"
198,vE1,E1,mismatch,existing r1-r4 differ from proposal,"1,88",97,98,,"1,2",97,98,,option code span including table,"E1‧接下來將詢問關於您最近一個月每週「上網」情況的題目。請問您最近一個月有沒有在使用網路,例如:用LINE、滑臉書(Facebook)、看YouTube等?(卡7、8、16) 訪員注意: 在K1、K2、K3表示有使用即時通訊軟體、社群媒體,或影音平台的受訪者,在本題就是代表有用網路,請訪員讀題確認後,即可直接「選填(01)有」選項。 「上網」是指用電腦、平板或手機連上網路,例如:用LINE、Facebook、用YouTube看影片、瀏覽新聞、查資料、玩線上遊戲等。 □ (01)有【K1或K2或K3答(01)-(88)者,只能選填此選項】 □ (02)沒有□ (97)不知道 □ (98)拒答"
199,vE2m01,E2,match,,"0,1",,,,"0,1",,,,multiple-response binary,"E2‧請問您平常是用哪些設備上網?(可多選)(卡18)【E1答(01)者,需答此題】【資料處理:E17或E18答(01)者,E2選項(01)必選;E17或E18答(02)者,E2選項(02)必選;E17或E18答(03)者,E2選項(03)必選;E18答(04)者,E2選項(04)必選】 受訪者主要使用LINE的裝置:【E17貼題】(E17) 受訪者主要使用YouTube的裝置:【E18貼題】(E18) 訪員注意:受訪者在E17或E18有勾選的裝置,同樣屬於上網的裝置,在此題也需要確認與勾選。 □ (01)手機【與D1答(03)互斥】 □ (02)平板 □ (03)電腦(包括桌機與筆電) □ "
200,vE2m02,E2,match,,"0,1",,,,"0,1",,,,multiple-response binary,"E2‧請問您平常是用哪些設備上網?(可多選)(卡18)【E1答(01)者,需答此題】【資料處理:E17或E18答(01)者,E2選項(01)必選;E17或E18答(02)者,E2選項(02)必選;E17或E18答(03)者,E2選項(03)必選;E18答(04)者,E2選項(04)必選】 受訪者主要使用LINE的裝置:【E17貼題】(E17) 受訪者主要使用YouTube的裝置:【E18貼題】(E18) 訪員注意:受訪者在E17或E18有勾選的裝置,同樣屬於上網的裝置,在此題也需要確認與勾選。 □ (01)手機【與D1答(03)互斥】 □ (02)平板 □ (03)電腦(包括桌機與筆電) □ "
201,vE2m03,E2,match,,"0,1",,,,"0,1",,,,multiple-response binary,"E2‧請問您平常是用哪些設備上網?(可多選)(卡18)【E1答(01)者,需答此題】【資料處理:E17或E18答(01)者,E2選項(01)必選;E17或E18答(02)者,E2選項(02)必選;E17或E18答(03)者,E2選項(03)必選;E18答(04)者,E2選項(04)必選】 受訪者主要使用LINE的裝置:【E17貼題】(E17) 受訪者主要使用YouTube的裝置:【E18貼題】(E18) 訪員注意:受訪者在E17或E18有勾選的裝置,同樣屬於上網的裝置,在此題也需要確認與勾選。 □ (01)手機【與D1答(03)互斥】 □ (02)平板 □ (03)電腦(包括桌機與筆電) □ "
202,vE2m04,E2,match,,"0,1",,,,"0,1",,,,multiple-response binary,"E2‧請問您平常是用哪些設備上網?(可多選)(卡18)【E1答(01)者,需答此題】【資料處理:E17或E18答(01)者,E2選項(01)必選;E17或E18答(02)者,E2選項(02)必選;E17或E18答(03)者,E2選項(03)必選;E18答(04)者,E2選項(04)必選】 受訪者主要使用LINE的裝置:【E17貼題】(E17) 受訪者主要使用YouTube的裝置:【E18貼題】(E18) 訪員注意:受訪者在E17或E18有勾選的裝置,同樣屬於上網的裝置,在此題也需要確認與勾選。 □ (01)手機【與D1答(03)互斥】 □ (02)平板 □ (03)電腦(包括桌機與筆電) □ "
203,vE2m88,E2,match,,"0,1",96,,,"0,1",96,,,multiple-response binary,"E2‧請問您平常是用哪些設備上網?(可多選)(卡18)【E1答(01)者,需答此題】【資料處理:E17或E18答(01)者,E2選項(01)必選;E17或E18答(02)者,E2選項(02)必選;E17或E18答(03)者,E2選項(03)必選;E18答(04)者,E2選項(04)必選】 受訪者主要使用LINE的裝置:【E17貼題】(E17) 受訪者主要使用YouTube的裝置:【E18貼題】(E18) 訪員注意:受訪者在E17或E18有勾選的裝置,同樣屬於上網的裝置,在此題也需要確認與勾選。 □ (01)手機【與D1答(03)互斥】 □ (02)平板 □ (03)電腦(包括桌機與筆電) □ "
204,vE4,E4,mismatch,existing r1-r4 differ from proposal,"0.5,7",95,97,98,95,98,97,,option code span including table,"E4‧您先前回答「每週平均有【貼D2答案】天會使用手機」,請問【貼D2答案】天中,平均有幾天會透過手機上網,例如:用LINE、滑臉書(Facebook)、看YouTube,只算有用手機上網的天數?【數值題,可輸入小數點,範圍為0.5、1、1.5、2、2.5、3、3.5、4、4.5、5、5.5、6、6.5、7、95、97、98】【E2有答(01)或E17答(01)或E18答(01),才需回答此題】 訪員注意: 1.本題為數值題,若為區間請取「中間值」,例如:3~4天,請填入「3.5」天。 2.答案無法填答時(例如:一個月只看1天)或每週平均用不到0.5天,請填入「95」。 ________天 □"
205,vCKE4,CKE4,manual,no automatic proposal,1,,,,,,,,no numeric range found,"CKE4‧【檢查題】【請注意】【E4>D2時(D2<=7,E4<=7,E4>D2;D2=95,1<=E4<=7,顯示此題】 您之前答每週透過手機上網(E4)【貼E4答案】天,超過使用手機的總天數(D2)【貼D2答案】天。 請回「上一題」,在E4題重新確認透過手機上網天數,或回到D2題重新確認手機使用天數。 (01) 請重新確認D2與E4的使用天數【互斥無法點選,選項號隱藏】"
206,vE5,E5,mismatch,existing r1-r4 differ from proposal,"0,2359",9797,9898,,9797,9898,,,option code span including table,"E5‧請問您因工作或課業所需利用手機上網的時間大概有多久?只算您上網時眼睛有在看螢幕的時間。 訪員注意: 1.若為區間請取「中間值」,例如:2~3小時,請填入「0230」。 2.若2個小時多一點,請填入「0215」;2小時多接近3小時,請填入「0245」。 3.若受訪者表示並不會因工作或課業所需而使用手機,請填入「0000」。 4.若受訪者表示不知道請填入「9797」,拒答請填入「9898」。 ____________(時分4碼) □ (9797)不知道 □ (9898)拒答"
207,vE6,E6,mismatch,existing r1-r4 differ from proposal,"0,2359",9797,9898,,9797,9898,,,option code span including table,"E6‧請問您不是因工作或課業所需(例如:休閒娛樂、跟朋友連絡)的手機上網時間大概有多久?只算您上網時眼睛有在看螢幕的時間。 受訪者的學習狀況:【貼O1_1答案】 受訪者的工作狀況:【貼O1答案】 訪員注意: 1.若為區間請取「中間值」,例如:2~3小時,請填入「0230」。 2.若2個小時多一點,請填入「0215」;2小時多接近3小時,請填入「0245」。 3.若受訪者表示並不會在非因工作或課業所需使用手機,請填入「0000」。 4.若受訪者表示不知道請填入「9797」,拒答請填入「9898」。 ____________(時分4碼) □ (9797)不知道 □ (9898)拒答 CKE"
208,vCKE5,E5,mismatch,existing r1-r4 differ from proposal,"1,88",97,98,,9797,9898,,,option code span including table,"E5‧請問您因工作或課業所需利用手機上網的時間大概有多久?只算您上網時眼睛有在看螢幕的時間。 訪員注意: 1.若為區間請取「中間值」,例如:2~3小時,請填入「0230」。 2.若2個小時多一點,請填入「0215」;2小時多接近3小時,請填入「0245」。 3.若受訪者表示並不會因工作或課業所需而使用手機,請填入「0000」。 4.若受訪者表示不知道請填入「9797」,拒答請填入「9898」。 ____________(時分4碼) □ (9797)不知道 □ (9898)拒答"
209,vE7,E7,mismatch,existing r1-r4 differ from proposal,"0.5,7",95,97,98,95,98,97,,option code span including table,"E7‧請問您每週平均有幾天會透過平板上網?【數值題,可輸入小數點,範圍為0.5、1、1.5、2、2.5、3、3.5、4、4.5、5、5.5、6、6.5、7、95、97、98】【E2有答(02)或E17答(02)或E18答(02)者,才需回答此題】 訪員注意: 1.本題為數值題,若為區間請取「中間值」,例如:3~4天,請填入「3.5」天。 2.答案無法填答時(例如:一個月只看1天)或每週平均用不到0.5天,請填入「95」。 ________天 □ (95)每週平均用不到0.5天 | □ (98)拒答 | □ (97)不知道"
210,vE8,E8,mismatch,existing r1-r4 differ from proposal,"0,2359",9797,9898,,9797,9898,,,option code span including table,"E8‧請問因工作或課業所需利用平板上網的時間大概有多久?只算您「眼睛有看著平板螢幕」的時間。 * 請以發生頻率較高(天數較多)來回答一整天看的時間,不是填看最長的時間。例如星期一到星期四都是3小時,星期五到星期日都是6小時,則頻率較高為星期一到星期四,答案填入「0300」。 訪員注意: 1.若為區間請取「中間值」,例如:2~3小時,請填入「0230」。 2.若2個小時多一點,請填入「0215」;2小時多接近3小時,請填入「0245」。 3.若受訪者表示並不會因工作或課業所需而使用平板,請填入「0000」。 4.若受訪者表示不知道請填入「9797」,拒答請填入「9898」。 __________"
211,vE9,E9,mismatch,existing r1-r4 differ from proposal,"0,2359",9797,9898,,9797,9898,,,option code span including table,"E9‧請問您不是因工作或課業所需(例如:休閒娛樂、跟朋友連絡)的平板上網時間大概有多久?只算您「眼睛有看著平板螢幕」的時間? * 請以發生頻率較高(天數較多)來回答一整天看的時間,不是填看最長的時間。例如星期一到星期四都是3小時,星期五到星期日都是6小時,則頻率較高為星期一到星期四,答案填入「0300」。 訪員注意: 1.若為區間請取「中間值」,例如:2~3小時,請填入「0230」。 2.若2個小時多一點,請填入「0215」;2小時多接近3小時,請填入「0245」。 3.若受訪者表示並不會在非因工作或課業所需而使用平板,請填入「0000」。 4.若受訪者表示不知道請填入「9797」,拒答請填入"
212,vCKE8,E8,mismatch,existing r1-r4 differ from proposal,"1,88",97,98,,9797,9898,,,option code span including table,"E8‧請問因工作或課業所需利用平板上網的時間大概有多久?只算您「眼睛有看著平板螢幕」的時間。 * 請以發生頻率較高(天數較多)來回答一整天看的時間,不是填看最長的時間。例如星期一到星期四都是3小時,星期五到星期日都是6小時,則頻率較高為星期一到星期四,答案填入「0300」。 訪員注意: 1.若為區間請取「中間值」,例如:2~3小時,請填入「0230」。 2.若2個小時多一點,請填入「0215」;2小時多接近3小時,請填入「0245」。 3.若受訪者表示並不會因工作或課業所需而使用平板,請填入「0000」。 4.若受訪者表示不知道請填入「9797」,拒答請填入「9898」。 __________"
213,vE10,E10,mismatch,existing r1-r4 differ from proposal,"0.5,7",95,97,98,95,97,98,,option code span including table,"E10‧請問您每週平均有幾天會透過電腦上網?【數值題,可輸入小數點,範圍為0.5、1、1.5、2、2.5、3、3.5、4、4.5、5、5.5、6、6.5、7、95、97、98】【E2有答(03)或E17答(03)或E18答(03),才需回答此題】 訪員注意: 1.本題為數值題,若為區間請取「中間值」,例如:3~4天,請填入「3.5」天。 2.答案無法填答時(例如:一個月只用電腦上網1天)或每週平均用不到0.5天,請填入「95」。 ________天 □ (95)每週平均用電腦上網不到0.5天 □ (97)不知道 □ (98)拒答"
214,vE11,E11,mismatch,existing r1-r4 differ from proposal,"0,2359",9797,9898,,9797,9898,,,option code span including table,"E11‧請問您因工作或課業所需利用電腦上網的時間大概有多久?只算您「眼睛有在看螢幕」的時間。 * 請以發生頻率較高(天數較多)來回答一整天看的時間,不是填看最長的時間。例如星期一到星期四都是3小時,星期五到星期日都是6小時,則頻率較高為星期一到星期四,答案填入「0300」。 訪員注意: 1.若為區間請取「中間值」,例如:2~3小時,請填入「0230」。 2.若2個小時多一點,請填入「0215」;2小時多接近3小時,請填入「0245」。 3.若受訪者表示並不會因工作或課業所需而使用電腦,請填入「0000」。 4.若受訪者表示不知道請填入「9797」,拒答請填入「9898」。 __________"
215,vE12,E12,mismatch,existing r1-r4 differ from proposal,"0,2359",9797,9898,,9797,9898,,,option code span including table,"E12‧請問您不是因工作或課業所需(例如:休閒娛樂、跟朋友連絡)的電腦上網時間大概有多久?只算您「上網時眼睛有在看螢幕」的時間。 * 請以發生頻率較高(天數較多)來回答一整天看的時間,不是填看最長的時間。例如星期一到星期四都是3小時,星期五到星期日都是6小時,則頻率較高為星期一到星期四,答案填入「0300」。 訪員注意: 1.若為區間請取「中間值」,例如:2~3小時,請填入「0230」。 2.若2個小時多一點,請填入「0215」;2小時多接近3小時,請填入「0245」。 3.若受訪者表示並不會在非因工作或課業所需而使用電腦,請填入「0000」。 4.若受訪者表示不知道請填入「9797」,拒答請"
216,vCKE11,E11,mismatch,existing r1-r4 differ from proposal,"1,88",97,98,,9797,9898,,,option code span including table,"E11‧請問您因工作或課業所需利用電腦上網的時間大概有多久?只算您「眼睛有在看螢幕」的時間。 * 請以發生頻率較高(天數較多)來回答一整天看的時間,不是填看最長的時間。例如星期一到星期四都是3小時,星期五到星期日都是6小時,則頻率較高為星期一到星期四,答案填入「0300」。 訪員注意: 1.若為區間請取「中間值」,例如:2~3小時,請填入「0230」。 2.若2個小時多一點,請填入「0215」;2小時多接近3小時,請填入「0245」。 3.若受訪者表示並不會因工作或課業所需而使用電腦,請填入「0000」。 4.若受訪者表示不知道請填入「9797」,拒答請填入「9898」。 __________"
217,vE3,E3,match,,"1,2359",9797,9898,,"1,2359",9797,9898,,explicit numeric range,"E3‧請問您一天上網的時間是多少?【數值題,範圍:0001-2359、9797、9898】【E1答(01)者,需回答此題】 受訪者上網方式: 即時通訊軟體:【貼K1答案】 社群媒體:【貼K2答案】 網路影音平台:【貼K3答案】 *請以受訪者上網方式調整E3題的問法。例如:受訪者的上網方式只有使用LINE,請調整為「請問 您一天使用LINE的時間是多少?」,若是有使用LINE也有用YouTube聽音樂,請調整為「請問您一天使用LINE與用YouTube聽音樂的時間是多少?」 *請考慮一週七天,以發生頻率較高(天數較多)來回答一整天使用時間,不是填用最長的時間。例如星期一到星期四都是3小時,星期五"
218,vE13m01,E13,match,,"0,1",,,,"0,1",,,,multiple-response binary,"E13‧請問您上網的原因或動機是什麼呢(包括用【貼題E2】)?(可多選)(卡19)【E1答(01)者,需回答此題】 訪員注意:括號內只是舉例,若有符合括號內其中一項就可以選。 □ (01)維繫友誼與他人保持聯絡(傳LINE、滑臉書等) □ (02)娛樂消遣(玩遊戲、看卡通動漫、看電影、戲劇、看直播、聽音樂、交友軟體、追星、命理 | 占卜、打發時間、無聊) □ (03)獲得時事/新聞/政府資訊(搜尋關鍵字、看新聞、看政府資訊、天氣資訊) □ (04)獲得生活休閒資訊(美食、觀光旅遊、醫療衛生保健、家庭生活、親子婚姻關係、交通資 | 訊) □ (05)理財消費購"
219,vE13m02,E13,match,,"0,1",,,,"0,1",,,,multiple-response binary,"E13‧請問您上網的原因或動機是什麼呢(包括用【貼題E2】)?(可多選)(卡19)【E1答(01)者,需回答此題】 訪員注意:括號內只是舉例,若有符合括號內其中一項就可以選。 □ (01)維繫友誼與他人保持聯絡(傳LINE、滑臉書等) □ (02)娛樂消遣(玩遊戲、看卡通動漫、看電影、戲劇、看直播、聽音樂、交友軟體、追星、命理 | 占卜、打發時間、無聊) □ (03)獲得時事/新聞/政府資訊(搜尋關鍵字、看新聞、看政府資訊、天氣資訊) □ (04)獲得生活休閒資訊(美食、觀光旅遊、醫療衛生保健、家庭生活、親子婚姻關係、交通資 | 訊) □ (05)理財消費購"
220,vE13m03,E13,match,,"0,1",,,,"0,1",,,,multiple-response binary,"E13‧請問您上網的原因或動機是什麼呢(包括用【貼題E2】)?(可多選)(卡19)【E1答(01)者,需回答此題】 訪員注意:括號內只是舉例,若有符合括號內其中一項就可以選。 □ (01)維繫友誼與他人保持聯絡(傳LINE、滑臉書等) □ (02)娛樂消遣(玩遊戲、看卡通動漫、看電影、戲劇、看直播、聽音樂、交友軟體、追星、命理 | 占卜、打發時間、無聊) □ (03)獲得時事/新聞/政府資訊(搜尋關鍵字、看新聞、看政府資訊、天氣資訊) □ (04)獲得生活休閒資訊(美食、觀光旅遊、醫療衛生保健、家庭生活、親子婚姻關係、交通資 | 訊) □ (05)理財消費購"
221,vE13m04,E13,match,,"0,1",,,,"0,1",,,,multiple-response binary,"E13‧請問您上網的原因或動機是什麼呢(包括用【貼題E2】)?(可多選)(卡19)【E1答(01)者,需回答此題】 訪員注意:括號內只是舉例,若有符合括號內其中一項就可以選。 □ (01)維繫友誼與他人保持聯絡(傳LINE、滑臉書等) □ (02)娛樂消遣(玩遊戲、看卡通動漫、看電影、戲劇、看直播、聽音樂、交友軟體、追星、命理 | 占卜、打發時間、無聊) □ (03)獲得時事/新聞/政府資訊(搜尋關鍵字、看新聞、看政府資訊、天氣資訊) □ (04)獲得生活休閒資訊(美食、觀光旅遊、醫療衛生保健、家庭生活、親子婚姻關係、交通資 | 訊) □ (05)理財消費購"
222,vE13m05,E13,match,,"0,1",,,,"0,1",,,,multiple-response binary,"E13‧請問您上網的原因或動機是什麼呢(包括用【貼題E2】)?(可多選)(卡19)【E1答(01)者,需回答此題】 訪員注意:括號內只是舉例,若有符合括號內其中一項就可以選。 □ (01)維繫友誼與他人保持聯絡(傳LINE、滑臉書等) □ (02)娛樂消遣(玩遊戲、看卡通動漫、看電影、戲劇、看直播、聽音樂、交友軟體、追星、命理 | 占卜、打發時間、無聊) □ (03)獲得時事/新聞/政府資訊(搜尋關鍵字、看新聞、看政府資訊、天氣資訊) □ (04)獲得生活休閒資訊(美食、觀光旅遊、醫療衛生保健、家庭生活、親子婚姻關係、交通資 | 訊) □ (05)理財消費購"
223,vE13m06,E13,match,,"0,1",,,,"0,1",,,,multiple-response binary,"E13‧請問您上網的原因或動機是什麼呢(包括用【貼題E2】)?(可多選)(卡19)【E1答(01)者,需回答此題】 訪員注意:括號內只是舉例,若有符合括號內其中一項就可以選。 □ (01)維繫友誼與他人保持聯絡(傳LINE、滑臉書等) □ (02)娛樂消遣(玩遊戲、看卡通動漫、看電影、戲劇、看直播、聽音樂、交友軟體、追星、命理 | 占卜、打發時間、無聊) □ (03)獲得時事/新聞/政府資訊(搜尋關鍵字、看新聞、看政府資訊、天氣資訊) □ (04)獲得生活休閒資訊(美食、觀光旅遊、醫療衛生保健、家庭生活、親子婚姻關係、交通資 | 訊) □ (05)理財消費購"
224,vE13m88,E13,match,,"0,1",96,,,"0,1",96,,,multiple-response binary,"E13‧請問您上網的原因或動機是什麼呢(包括用【貼題E2】)?(可多選)(卡19)【E1答(01)者,需回答此題】 訪員注意:括號內只是舉例,若有符合括號內其中一項就可以選。 □ (01)維繫友誼與他人保持聯絡(傳LINE、滑臉書等) □ (02)娛樂消遣(玩遊戲、看卡通動漫、看電影、戲劇、看直播、聽音樂、交友軟體、追星、命理 | 占卜、打發時間、無聊) □ (03)獲得時事/新聞/政府資訊(搜尋關鍵字、看新聞、看政府資訊、天氣資訊) □ (04)獲得生活休閒資訊(美食、觀光旅遊、醫療衛生保健、家庭生活、親子婚姻關係、交通資 | 訊) □ (05)理財消費購"
225,vE14,E14,mismatch,existing r1-r4 differ from proposal,"0,100000",999991,999997,999998,999991,999997,999998,,option code span including table,"E14‧請問您每個月平均在網路上消費(買東西)大概花多少錢?(例如:購物、購買遊戲點數、下載音樂或電影等)【數值題,範圍0-100000,超過最大值則填999991】【E1答(01)者,需回答此題】 訪員注意: 1.若算不出來,請回想最近一個月的網路消費情形,請別人在網路上買東西不算。 2.若每個月消費的價格不一定(有時幾百塊、有時幾千塊),則以平均計算;如受訪者表示沒有在網路上消費,請鍵入「0」;超過10萬元請鍵入「999991」。 _____元 □ (999991)超過10萬元 □ (999997)不知道□ (999998)拒答 G、傳播行為(網路新聞篇)"
226,vG7m01,G7,match,,"0,1",,,,"0,1",,,,multiple-response binary,"G7‧請問您經常透過哪一些社群媒體、入口網站及整合新聞網站來看網路新聞?(可多選) 【訪員讀題完畢後,請將平板轉給受訪者選擇,並由訪員協助點選】【不顯示選項編號,選項(01)-(12)隨機出現】【E1答(01)者,需回答此題】 提示說明: 1.括號內只是舉例,若有符合括號內其中一項就可以選。 2.若是在臉書上出現什麼新聞、就看什麼新聞,請選「社群媒體」。 □ (01)社群媒體(例如:臉書、Threads、X)【與K2答(90)者互斥】 □ (02)即時通訊軟體(例如:LINE Today、WeChat微信)【與K1答(90)者互斥】 □ (03)Yahoo!新聞 □ (04)Microsoft"
227,vG7m02,G7,match,,"0,1",,,,"0,1",,,,multiple-response binary,"G7‧請問您經常透過哪一些社群媒體、入口網站及整合新聞網站來看網路新聞?(可多選) 【訪員讀題完畢後,請將平板轉給受訪者選擇,並由訪員協助點選】【不顯示選項編號,選項(01)-(12)隨機出現】【E1答(01)者,需回答此題】 提示說明: 1.括號內只是舉例,若有符合括號內其中一項就可以選。 2.若是在臉書上出現什麼新聞、就看什麼新聞,請選「社群媒體」。 □ (01)社群媒體(例如:臉書、Threads、X)【與K2答(90)者互斥】 □ (02)即時通訊軟體(例如:LINE Today、WeChat微信)【與K1答(90)者互斥】 □ (03)Yahoo!新聞 □ (04)Microsoft"
228,vG7m03,G7,match,,"0,1",,,,"0,1",,,,multiple-response binary,"G7‧請問您經常透過哪一些社群媒體、入口網站及整合新聞網站來看網路新聞?(可多選) 【訪員讀題完畢後,請將平板轉給受訪者選擇,並由訪員協助點選】【不顯示選項編號,選項(01)-(12)隨機出現】【E1答(01)者,需回答此題】 提示說明: 1.括號內只是舉例,若有符合括號內其中一項就可以選。 2.若是在臉書上出現什麼新聞、就看什麼新聞,請選「社群媒體」。 □ (01)社群媒體(例如:臉書、Threads、X)【與K2答(90)者互斥】 □ (02)即時通訊軟體(例如:LINE Today、WeChat微信)【與K1答(90)者互斥】 □ (03)Yahoo!新聞 □ (04)Microsoft"
229,vG7m04,G7,match,,"0,1",,,,"0,1",,,,multiple-response binary,"G7‧請問您經常透過哪一些社群媒體、入口網站及整合新聞網站來看網路新聞?(可多選) 【訪員讀題完畢後,請將平板轉給受訪者選擇,並由訪員協助點選】【不顯示選項編號,選項(01)-(12)隨機出現】【E1答(01)者,需回答此題】 提示說明: 1.括號內只是舉例,若有符合括號內其中一項就可以選。 2.若是在臉書上出現什麼新聞、就看什麼新聞,請選「社群媒體」。 □ (01)社群媒體(例如:臉書、Threads、X)【與K2答(90)者互斥】 □ (02)即時通訊軟體(例如:LINE Today、WeChat微信)【與K1答(90)者互斥】 □ (03)Yahoo!新聞 □ (04)Microsoft"
230,vG7m05,G7,match,,"0,1",,,,"0,1",,,,multiple-response binary,"G7‧請問您經常透過哪一些社群媒體、入口網站及整合新聞網站來看網路新聞?(可多選) 【訪員讀題完畢後,請將平板轉給受訪者選擇,並由訪員協助點選】【不顯示選項編號,選項(01)-(12)隨機出現】【E1答(01)者,需回答此題】 提示說明: 1.括號內只是舉例,若有符合括號內其中一項就可以選。 2.若是在臉書上出現什麼新聞、就看什麼新聞,請選「社群媒體」。 □ (01)社群媒體(例如:臉書、Threads、X)【與K2答(90)者互斥】 □ (02)即時通訊軟體(例如:LINE Today、WeChat微信)【與K1答(90)者互斥】 □ (03)Yahoo!新聞 □ (04)Microsoft"
231,vG7m06,G7,match,,"0,1",,,,"0,1",,,,multiple-response binary,"G7‧請問您經常透過哪一些社群媒體、入口網站及整合新聞網站來看網路新聞?(可多選) 【訪員讀題完畢後,請將平板轉給受訪者選擇,並由訪員協助點選】【不顯示選項編號,選項(01)-(12)隨機出現】【E1答(01)者,需回答此題】 提示說明: 1.括號內只是舉例,若有符合括號內其中一項就可以選。 2.若是在臉書上出現什麼新聞、就看什麼新聞,請選「社群媒體」。 □ (01)社群媒體(例如:臉書、Threads、X)【與K2答(90)者互斥】 □ (02)即時通訊軟體(例如:LINE Today、WeChat微信)【與K1答(90)者互斥】 □ (03)Yahoo!新聞 □ (04)Microsoft"
232,vG7m07,G7,match,,"0,1",,,,"0,1",,,,multiple-response binary,"G7‧請問您經常透過哪一些社群媒體、入口網站及整合新聞網站來看網路新聞?(可多選) 【訪員讀題完畢後,請將平板轉給受訪者選擇,並由訪員協助點選】【不顯示選項編號,選項(01)-(12)隨機出現】【E1答(01)者,需回答此題】 提示說明: 1.括號內只是舉例,若有符合括號內其中一項就可以選。 2.若是在臉書上出現什麼新聞、就看什麼新聞,請選「社群媒體」。 □ (01)社群媒體(例如:臉書、Threads、X)【與K2答(90)者互斥】 □ (02)即時通訊軟體(例如:LINE Today、WeChat微信)【與K1答(90)者互斥】 □ (03)Yahoo!新聞 □ (04)Microsoft"
233,vG7m08,G7,match,,"0,1",,,,"0,1",,,,multiple-response binary,"G7‧請問您經常透過哪一些社群媒體、入口網站及整合新聞網站來看網路新聞?(可多選) 【訪員讀題完畢後,請將平板轉給受訪者選擇,並由訪員協助點選】【不顯示選項編號,選項(01)-(12)隨機出現】【E1答(01)者,需回答此題】 提示說明: 1.括號內只是舉例,若有符合括號內其中一項就可以選。 2.若是在臉書上出現什麼新聞、就看什麼新聞,請選「社群媒體」。 □ (01)社群媒體(例如:臉書、Threads、X)【與K2答(90)者互斥】 □ (02)即時通訊軟體(例如:LINE Today、WeChat微信)【與K1答(90)者互斥】 □ (03)Yahoo!新聞 □ (04)Microsoft"
234,vG7m09,G7,match,,"0,1",,,,"0,1",,,,multiple-response binary,"G7‧請問您經常透過哪一些社群媒體、入口網站及整合新聞網站來看網路新聞?(可多選) 【訪員讀題完畢後,請將平板轉給受訪者選擇,並由訪員協助點選】【不顯示選項編號,選項(01)-(12)隨機出現】【E1答(01)者,需回答此題】 提示說明: 1.括號內只是舉例,若有符合括號內其中一項就可以選。 2.若是在臉書上出現什麼新聞、就看什麼新聞,請選「社群媒體」。 □ (01)社群媒體(例如:臉書、Threads、X)【與K2答(90)者互斥】 □ (02)即時通訊軟體(例如:LINE Today、WeChat微信)【與K1答(90)者互斥】 □ (03)Yahoo!新聞 □ (04)Microsoft"
235,vG7m10,G7,match,,"0,1",96,,,"0,1",96,,,multiple-response binary,"G7‧請問您經常透過哪一些社群媒體、入口網站及整合新聞網站來看網路新聞?(可多選) 【訪員讀題完畢後,請將平板轉給受訪者選擇,並由訪員協助點選】【不顯示選項編號,選項(01)-(12)隨機出現】【E1答(01)者,需回答此題】 提示說明: 1.括號內只是舉例,若有符合括號內其中一項就可以選。 2.若是在臉書上出現什麼新聞、就看什麼新聞,請選「社群媒體」。 □ (01)社群媒體(例如:臉書、Threads、X)【與K2答(90)者互斥】 □ (02)即時通訊軟體(例如:LINE Today、WeChat微信)【與K1答(90)者互斥】 □ (03)Yahoo!新聞 □ (04)Microsoft"
236,vG7m11,G7,match,,"0,1",96,,,"0,1",96,,,multiple-response binary,"G7‧請問您經常透過哪一些社群媒體、入口網站及整合新聞網站來看網路新聞?(可多選) 【訪員讀題完畢後,請將平板轉給受訪者選擇,並由訪員協助點選】【不顯示選項編號,選項(01)-(12)隨機出現】【E1答(01)者,需回答此題】 提示說明: 1.括號內只是舉例,若有符合括號內其中一項就可以選。 2.若是在臉書上出現什麼新聞、就看什麼新聞,請選「社群媒體」。 □ (01)社群媒體(例如:臉書、Threads、X)【與K2答(90)者互斥】 □ (02)即時通訊軟體(例如:LINE Today、WeChat微信)【與K1答(90)者互斥】 □ (03)Yahoo!新聞 □ (04)Microsoft"
237,vG7m12,G7,match,,"0,1",96,,,"0,1",96,,,multiple-response binary,"G7‧請問您經常透過哪一些社群媒體、入口網站及整合新聞網站來看網路新聞?(可多選) 【訪員讀題完畢後,請將平板轉給受訪者選擇,並由訪員協助點選】【不顯示選項編號,選項(01)-(12)隨機出現】【E1答(01)者,需回答此題】 提示說明: 1.括號內只是舉例,若有符合括號內其中一項就可以選。 2.若是在臉書上出現什麼新聞、就看什麼新聞,請選「社群媒體」。 □ (01)社群媒體(例如:臉書、Threads、X)【與K2答(90)者互斥】 □ (02)即時通訊軟體(例如:LINE Today、WeChat微信)【與K1答(90)者互斥】 □ (03)Yahoo!新聞 □ (04)Microsoft"
238,vG7m88,G7,match,,"0,1",96,,,"0,1",96,,,multiple-response binary,"G7‧請問您經常透過哪一些社群媒體、入口網站及整合新聞網站來看網路新聞?(可多選) 【訪員讀題完畢後,請將平板轉給受訪者選擇,並由訪員協助點選】【不顯示選項編號,選項(01)-(12)隨機出現】【E1答(01)者,需回答此題】 提示說明: 1.括號內只是舉例,若有符合括號內其中一項就可以選。 2.若是在臉書上出現什麼新聞、就看什麼新聞,請選「社群媒體」。 □ (01)社群媒體(例如:臉書、Threads、X)【與K2答(90)者互斥】 □ (02)即時通訊軟體(例如:LINE Today、WeChat微信)【與K1答(90)者互斥】 □ (03)Yahoo!新聞 □ (04)Microsoft"
239,vG7m90,G7,match,,"0,1",96,,,"0,1",96,,,multiple-response binary,"G7‧請問您經常透過哪一些社群媒體、入口網站及整合新聞網站來看網路新聞?(可多選) 【訪員讀題完畢後,請將平板轉給受訪者選擇,並由訪員協助點選】【不顯示選項編號,選項(01)-(12)隨機出現】【E1答(01)者,需回答此題】 提示說明: 1.括號內只是舉例,若有符合括號內其中一項就可以選。 2.若是在臉書上出現什麼新聞、就看什麼新聞,請選「社群媒體」。 □ (01)社群媒體(例如:臉書、Threads、X)【與K2答(90)者互斥】 □ (02)即時通訊軟體(例如:LINE Today、WeChat微信)【與K1答(90)者互斥】 □ (03)Yahoo!新聞 □ (04)Microsoft"
240,vG8m01,G8,match,,"0,1",,,,"0,1",,,,multiple-response binary,"G8‧除了電視以外,有些人會透過網站、APP,或YouTube頻道來看電視新聞,那你會透過這些管道來看哪些電視台?(可多選) 【訪員讀題完畢後,請將平板轉給受訪者選擇,並由訪員協助點選】【不顯示選項編號,選項(01)-(16)隨機出現】【E1答(01)者,需回答此題】 提示說明:若都在YouTube看新聞,請回想有看哪些頻道的新聞並點選。 □ (01)ETtoday新聞雲 □ (02)EBC東森財經新聞 □ (03)EBC東森新聞 □ (04)中天新聞網(包括:快點TV) □ (05)壹新聞Next TV □ (06)TVBS新聞網 □ (07)三立新聞網 □ (08)中視新聞 □ (09)台"
241,vG8m02,G8,match,,"0,1",,,,"0,1",,,,multiple-response binary,"G8‧除了電視以外,有些人會透過網站、APP,或YouTube頻道來看電視新聞,那你會透過這些管道來看哪些電視台?(可多選) 【訪員讀題完畢後,請將平板轉給受訪者選擇,並由訪員協助點選】【不顯示選項編號,選項(01)-(16)隨機出現】【E1答(01)者,需回答此題】 提示說明:若都在YouTube看新聞,請回想有看哪些頻道的新聞並點選。 □ (01)ETtoday新聞雲 □ (02)EBC東森財經新聞 □ (03)EBC東森新聞 □ (04)中天新聞網(包括:快點TV) □ (05)壹新聞Next TV □ (06)TVBS新聞網 □ (07)三立新聞網 □ (08)中視新聞 □ (09)台"
242,vG8m03,G8,match,,"0,1",,,,"0,1",,,,multiple-response binary,"G8‧除了電視以外,有些人會透過網站、APP,或YouTube頻道來看電視新聞,那你會透過這些管道來看哪些電視台?(可多選) 【訪員讀題完畢後,請將平板轉給受訪者選擇,並由訪員協助點選】【不顯示選項編號,選項(01)-(16)隨機出現】【E1答(01)者,需回答此題】 提示說明:若都在YouTube看新聞,請回想有看哪些頻道的新聞並點選。 □ (01)ETtoday新聞雲 □ (02)EBC東森財經新聞 □ (03)EBC東森新聞 □ (04)中天新聞網(包括:快點TV) □ (05)壹新聞Next TV □ (06)TVBS新聞網 □ (07)三立新聞網 □ (08)中視新聞 □ (09)台"
243,vG8m04,G8,match,,"0,1",,,,"0,1",,,,multiple-response binary,"G8‧除了電視以外,有些人會透過網站、APP,或YouTube頻道來看電視新聞,那你會透過這些管道來看哪些電視台?(可多選) 【訪員讀題完畢後,請將平板轉給受訪者選擇,並由訪員協助點選】【不顯示選項編號,選項(01)-(16)隨機出現】【E1答(01)者,需回答此題】 提示說明:若都在YouTube看新聞,請回想有看哪些頻道的新聞並點選。 □ (01)ETtoday新聞雲 □ (02)EBC東森財經新聞 □ (03)EBC東森新聞 □ (04)中天新聞網(包括:快點TV) □ (05)壹新聞Next TV □ (06)TVBS新聞網 □ (07)三立新聞網 □ (08)中視新聞 □ (09)台"
244,vG8m05,G8,match,,"0,1",,,,"0,1",,,,multiple-response binary,"G8‧除了電視以外,有些人會透過網站、APP,或YouTube頻道來看電視新聞,那你會透過這些管道來看哪些電視台?(可多選) 【訪員讀題完畢後,請將平板轉給受訪者選擇,並由訪員協助點選】【不顯示選項編號,選項(01)-(16)隨機出現】【E1答(01)者,需回答此題】 提示說明:若都在YouTube看新聞,請回想有看哪些頻道的新聞並點選。 □ (01)ETtoday新聞雲 □ (02)EBC東森財經新聞 □ (03)EBC東森新聞 □ (04)中天新聞網(包括:快點TV) □ (05)壹新聞Next TV □ (06)TVBS新聞網 □ (07)三立新聞網 □ (08)中視新聞 □ (09)台"
245,vG8m06,G8,match,,"0,1",,,,"0,1",,,,multiple-response binary,"G8‧除了電視以外,有些人會透過網站、APP,或YouTube頻道來看電視新聞,那你會透過這些管道來看哪些電視台?(可多選) 【訪員讀題完畢後,請將平板轉給受訪者選擇,並由訪員協助點選】【不顯示選項編號,選項(01)-(16)隨機出現】【E1答(01)者,需回答此題】 提示說明:若都在YouTube看新聞,請回想有看哪些頻道的新聞並點選。 □ (01)ETtoday新聞雲 □ (02)EBC東森財經新聞 □ (03)EBC東森新聞 □ (04)中天新聞網(包括:快點TV) □ (05)壹新聞Next TV □ (06)TVBS新聞網 □ (07)三立新聞網 □ (08)中視新聞 □ (09)台"
246,vG8m07,G8,match,,"0,1",,,,"0,1",,,,multiple-response binary,"G8‧除了電視以外,有些人會透過網站、APP,或YouTube頻道來看電視新聞,那你會透過這些管道來看哪些電視台?(可多選) 【訪員讀題完畢後,請將平板轉給受訪者選擇,並由訪員協助點選】【不顯示選項編號,選項(01)-(16)隨機出現】【E1答(01)者,需回答此題】 提示說明:若都在YouTube看新聞,請回想有看哪些頻道的新聞並點選。 □ (01)ETtoday新聞雲 □ (02)EBC東森財經新聞 □ (03)EBC東森新聞 □ (04)中天新聞網(包括:快點TV) □ (05)壹新聞Next TV □ (06)TVBS新聞網 □ (07)三立新聞網 □ (08)中視新聞 □ (09)台"
247,vG8m08,G8,match,,"0,1",,,,"0,1",,,,multiple-response binary,"G8‧除了電視以外,有些人會透過網站、APP,或YouTube頻道來看電視新聞,那你會透過這些管道來看哪些電視台?(可多選) 【訪員讀題完畢後,請將平板轉給受訪者選擇,並由訪員協助點選】【不顯示選項編號,選項(01)-(16)隨機出現】【E1答(01)者,需回答此題】 提示說明:若都在YouTube看新聞,請回想有看哪些頻道的新聞並點選。 □ (01)ETtoday新聞雲 □ (02)EBC東森財經新聞 □ (03)EBC東森新聞 □ (04)中天新聞網(包括:快點TV) □ (05)壹新聞Next TV □ (06)TVBS新聞網 □ (07)三立新聞網 □ (08)中視新聞 □ (09)台"
248,vG8m09,G8,match,,"0,1",,,,"0,1",,,,multiple-response binary,"G8‧除了電視以外,有些人會透過網站、APP,或YouTube頻道來看電視新聞,那你會透過這些管道來看哪些電視台?(可多選) 【訪員讀題完畢後,請將平板轉給受訪者選擇,並由訪員協助點選】【不顯示選項編號,選項(01)-(16)隨機出現】【E1答(01)者,需回答此題】 提示說明:若都在YouTube看新聞,請回想有看哪些頻道的新聞並點選。 □ (01)ETtoday新聞雲 □ (02)EBC東森財經新聞 □ (03)EBC東森新聞 □ (04)中天新聞網(包括:快點TV) □ (05)壹新聞Next TV □ (06)TVBS新聞網 □ (07)三立新聞網 □ (08)中視新聞 □ (09)台"
249,vG8m10,G8,match,,"0,1",96,,,"0,1",96,,,multiple-response binary,"G8‧除了電視以外,有些人會透過網站、APP,或YouTube頻道來看電視新聞,那你會透過這些管道來看哪些電視台?(可多選) 【訪員讀題完畢後,請將平板轉給受訪者選擇,並由訪員協助點選】【不顯示選項編號,選項(01)-(16)隨機出現】【E1答(01)者,需回答此題】 提示說明:若都在YouTube看新聞,請回想有看哪些頻道的新聞並點選。 □ (01)ETtoday新聞雲 □ (02)EBC東森財經新聞 □ (03)EBC東森新聞 □ (04)中天新聞網(包括:快點TV) □ (05)壹新聞Next TV □ (06)TVBS新聞網 □ (07)三立新聞網 □ (08)中視新聞 □ (09)台"
250,vG8m11,G8,match,,"0,1",96,,,"0,1",96,,,multiple-response binary,"G8‧除了電視以外,有些人會透過網站、APP,或YouTube頻道來看電視新聞,那你會透過這些管道來看哪些電視台?(可多選) 【訪員讀題完畢後,請將平板轉給受訪者選擇,並由訪員協助點選】【不顯示選項編號,選項(01)-(16)隨機出現】【E1答(01)者,需回答此題】 提示說明:若都在YouTube看新聞,請回想有看哪些頻道的新聞並點選。 □ (01)ETtoday新聞雲 □ (02)EBC東森財經新聞 □ (03)EBC東森新聞 □ (04)中天新聞網(包括:快點TV) □ (05)壹新聞Next TV □ (06)TVBS新聞網 □ (07)三立新聞網 □ (08)中視新聞 □ (09)台"
251,vG8m12,G8,match,,"0,1",96,,,"0,1",96,,,multiple-response binary,"G8‧除了電視以外,有些人會透過網站、APP,或YouTube頻道來看電視新聞,那你會透過這些管道來看哪些電視台?(可多選) 【訪員讀題完畢後,請將平板轉給受訪者選擇,並由訪員協助點選】【不顯示選項編號,選項(01)-(16)隨機出現】【E1答(01)者,需回答此題】 提示說明:若都在YouTube看新聞,請回想有看哪些頻道的新聞並點選。 □ (01)ETtoday新聞雲 □ (02)EBC東森財經新聞 □ (03)EBC東森新聞 □ (04)中天新聞網(包括:快點TV) □ (05)壹新聞Next TV □ (06)TVBS新聞網 □ (07)三立新聞網 □ (08)中視新聞 □ (09)台"
252,vG8m13,G8,match,,"0,1",96,,,"0,1",96,,,multiple-response binary,"G8‧除了電視以外,有些人會透過網站、APP,或YouTube頻道來看電視新聞,那你會透過這些管道來看哪些電視台?(可多選) 【訪員讀題完畢後,請將平板轉給受訪者選擇,並由訪員協助點選】【不顯示選項編號,選項(01)-(16)隨機出現】【E1答(01)者,需回答此題】 提示說明:若都在YouTube看新聞,請回想有看哪些頻道的新聞並點選。 □ (01)ETtoday新聞雲 □ (02)EBC東森財經新聞 □ (03)EBC東森新聞 □ (04)中天新聞網(包括:快點TV) □ (05)壹新聞Next TV □ (06)TVBS新聞網 □ (07)三立新聞網 □ (08)中視新聞 □ (09)台"
253,vG8m14,G8,match,,"0,1",96,,,"0,1",96,,,multiple-response binary,"G8‧除了電視以外,有些人會透過網站、APP,或YouTube頻道來看電視新聞,那你會透過這些管道來看哪些電視台?(可多選) 【訪員讀題完畢後,請將平板轉給受訪者選擇,並由訪員協助點選】【不顯示選項編號,選項(01)-(16)隨機出現】【E1答(01)者,需回答此題】 提示說明:若都在YouTube看新聞,請回想有看哪些頻道的新聞並點選。 □ (01)ETtoday新聞雲 □ (02)EBC東森財經新聞 □ (03)EBC東森新聞 □ (04)中天新聞網(包括:快點TV) □ (05)壹新聞Next TV □ (06)TVBS新聞網 □ (07)三立新聞網 □ (08)中視新聞 □ (09)台"
254,vG8m15,G8,match,,"0,1",96,,,"0,1",96,,,multiple-response binary,"G8‧除了電視以外,有些人會透過網站、APP,或YouTube頻道來看電視新聞,那你會透過這些管道來看哪些電視台?(可多選) 【訪員讀題完畢後,請將平板轉給受訪者選擇,並由訪員協助點選】【不顯示選項編號,選項(01)-(16)隨機出現】【E1答(01)者,需回答此題】 提示說明:若都在YouTube看新聞,請回想有看哪些頻道的新聞並點選。 □ (01)ETtoday新聞雲 □ (02)EBC東森財經新聞 □ (03)EBC東森新聞 □ (04)中天新聞網(包括:快點TV) □ (05)壹新聞Next TV □ (06)TVBS新聞網 □ (07)三立新聞網 □ (08)中視新聞 □ (09)台"
255,vG8m16,G8,match,,"0,1",96,,,"0,1",96,,,multiple-response binary,"G8‧除了電視以外,有些人會透過網站、APP,或YouTube頻道來看電視新聞,那你會透過這些管道來看哪些電視台?(可多選) 【訪員讀題完畢後,請將平板轉給受訪者選擇,並由訪員協助點選】【不顯示選項編號,選項(01)-(16)隨機出現】【E1答(01)者,需回答此題】 提示說明:若都在YouTube看新聞,請回想有看哪些頻道的新聞並點選。 □ (01)ETtoday新聞雲 □ (02)EBC東森財經新聞 □ (03)EBC東森新聞 □ (04)中天新聞網(包括:快點TV) □ (05)壹新聞Next TV □ (06)TVBS新聞網 □ (07)三立新聞網 □ (08)中視新聞 □ (09)台"
256,vG8m88,G8,match,,"0,1",96,,,"0,1",96,,,multiple-response binary,"G8‧除了電視以外,有些人會透過網站、APP,或YouTube頻道來看電視新聞,那你會透過這些管道來看哪些電視台?(可多選) 【訪員讀題完畢後,請將平板轉給受訪者選擇,並由訪員協助點選】【不顯示選項編號,選項(01)-(16)隨機出現】【E1答(01)者,需回答此題】 提示說明:若都在YouTube看新聞,請回想有看哪些頻道的新聞並點選。 □ (01)ETtoday新聞雲 □ (02)EBC東森財經新聞 □ (03)EBC東森新聞 □ (04)中天新聞網(包括:快點TV) □ (05)壹新聞Next TV □ (06)TVBS新聞網 □ (07)三立新聞網 □ (08)中視新聞 □ (09)台"
257,vG8m90,G8,match,,"0,1",96,,,"0,1",96,,,multiple-response binary,"G8‧除了電視以外,有些人會透過網站、APP,或YouTube頻道來看電視新聞,那你會透過這些管道來看哪些電視台?(可多選) 【訪員讀題完畢後,請將平板轉給受訪者選擇,並由訪員協助點選】【不顯示選項編號,選項(01)-(16)隨機出現】【E1答(01)者,需回答此題】 提示說明:若都在YouTube看新聞,請回想有看哪些頻道的新聞並點選。 □ (01)ETtoday新聞雲 □ (02)EBC東森財經新聞 □ (03)EBC東森新聞 □ (04)中天新聞網(包括:快點TV) □ (05)壹新聞Next TV □ (06)TVBS新聞網 □ (07)三立新聞網 □ (08)中視新聞 □ (09)台"
258,vG9m01,G9,match,,"0,1",,,,"0,1",,,,multiple-response binary,"G9‧那請問您經常透過哪一些電子報網站,或APP來看網路新聞?(可多選) 【訪員讀題完畢後,請將平板轉給受訪者選擇,並由訪員協助點選】【不顯示選項編號,選項(01)-(13)隨機出現】【E1答(01)者,需回答此題】 □ (01)聯合新聞網UDN □ (02)自由時報 □ (03)中時新聞網 □ (04)蘋果新聞網 □ (05)經濟日報 □ (06)工商時報 □ (07)Taipei Times台北時報 □ (08)天下雜誌每日報 □ (09)立報傳媒 □ (10)苦勞網 □ (11)四方報 □ (12)臺灣醒報 □ (13)民報 □ (88)其他,請說明______【開放欄位】【該選項不隨機"
259,vG9m02,G9,match,,"0,1",,,,"0,1",,,,multiple-response binary,"G9‧那請問您經常透過哪一些電子報網站,或APP來看網路新聞?(可多選) 【訪員讀題完畢後,請將平板轉給受訪者選擇,並由訪員協助點選】【不顯示選項編號,選項(01)-(13)隨機出現】【E1答(01)者,需回答此題】 □ (01)聯合新聞網UDN □ (02)自由時報 □ (03)中時新聞網 □ (04)蘋果新聞網 □ (05)經濟日報 □ (06)工商時報 □ (07)Taipei Times台北時報 □ (08)天下雜誌每日報 □ (09)立報傳媒 □ (10)苦勞網 □ (11)四方報 □ (12)臺灣醒報 □ (13)民報 □ (88)其他,請說明______【開放欄位】【該選項不隨機"
260,vG9m03,G9,match,,"0,1",,,,"0,1",,,,multiple-response binary,"G9‧那請問您經常透過哪一些電子報網站,或APP來看網路新聞?(可多選) 【訪員讀題完畢後,請將平板轉給受訪者選擇,並由訪員協助點選】【不顯示選項編號,選項(01)-(13)隨機出現】【E1答(01)者,需回答此題】 □ (01)聯合新聞網UDN □ (02)自由時報 □ (03)中時新聞網 □ (04)蘋果新聞網 □ (05)經濟日報 □ (06)工商時報 □ (07)Taipei Times台北時報 □ (08)天下雜誌每日報 □ (09)立報傳媒 □ (10)苦勞網 □ (11)四方報 □ (12)臺灣醒報 □ (13)民報 □ (88)其他,請說明______【開放欄位】【該選項不隨機"
261,vG9m04,G9,match,,"0,1",,,,"0,1",,,,multiple-response binary,"G9‧那請問您經常透過哪一些電子報網站,或APP來看網路新聞?(可多選) 【訪員讀題完畢後,請將平板轉給受訪者選擇,並由訪員協助點選】【不顯示選項編號,選項(01)-(13)隨機出現】【E1答(01)者,需回答此題】 □ (01)聯合新聞網UDN □ (02)自由時報 □ (03)中時新聞網 □ (04)蘋果新聞網 □ (05)經濟日報 □ (06)工商時報 □ (07)Taipei Times台北時報 □ (08)天下雜誌每日報 □ (09)立報傳媒 □ (10)苦勞網 □ (11)四方報 □ (12)臺灣醒報 □ (13)民報 □ (88)其他,請說明______【開放欄位】【該選項不隨機"
262,vG9m05,G9,match,,"0,1",,,,"0,1",,,,multiple-response binary,"G9‧那請問您經常透過哪一些電子報網站,或APP來看網路新聞?(可多選) 【訪員讀題完畢後,請將平板轉給受訪者選擇,並由訪員協助點選】【不顯示選項編號,選項(01)-(13)隨機出現】【E1答(01)者,需回答此題】 □ (01)聯合新聞網UDN □ (02)自由時報 □ (03)中時新聞網 □ (04)蘋果新聞網 □ (05)經濟日報 □ (06)工商時報 □ (07)Taipei Times台北時報 □ (08)天下雜誌每日報 □ (09)立報傳媒 □ (10)苦勞網 □ (11)四方報 □ (12)臺灣醒報 □ (13)民報 □ (88)其他,請說明______【開放欄位】【該選項不隨機"
263,vG9m06,G9,match,,"0,1",,,,"0,1",,,,multiple-response binary,"G9‧那請問您經常透過哪一些電子報網站,或APP來看網路新聞?(可多選) 【訪員讀題完畢後,請將平板轉給受訪者選擇,並由訪員協助點選】【不顯示選項編號,選項(01)-(13)隨機出現】【E1答(01)者,需回答此題】 □ (01)聯合新聞網UDN □ (02)自由時報 □ (03)中時新聞網 □ (04)蘋果新聞網 □ (05)經濟日報 □ (06)工商時報 □ (07)Taipei Times台北時報 □ (08)天下雜誌每日報 □ (09)立報傳媒 □ (10)苦勞網 □ (11)四方報 □ (12)臺灣醒報 □ (13)民報 □ (88)其他,請說明______【開放欄位】【該選項不隨機"
264,vG9m07,G9,match,,"0,1",,,,"0,1",,,,multiple-response binary,"G9‧那請問您經常透過哪一些電子報網站,或APP來看網路新聞?(可多選) 【訪員讀題完畢後,請將平板轉給受訪者選擇,並由訪員協助點選】【不顯示選項編號,選項(01)-(13)隨機出現】【E1答(01)者,需回答此題】 □ (01)聯合新聞網UDN □ (02)自由時報 □ (03)中時新聞網 □ (04)蘋果新聞網 □ (05)經濟日報 □ (06)工商時報 □ (07)Taipei Times台北時報 □ (08)天下雜誌每日報 □ (09)立報傳媒 □ (10)苦勞網 □ (11)四方報 □ (12)臺灣醒報 □ (13)民報 □ (88)其他,請說明______【開放欄位】【該選項不隨機"
265,vG9m08,G9,match,,"0,1",,,,"0,1",,,,multiple-response binary,"G9‧那請問您經常透過哪一些電子報網站,或APP來看網路新聞?(可多選) 【訪員讀題完畢後,請將平板轉給受訪者選擇,並由訪員協助點選】【不顯示選項編號,選項(01)-(13)隨機出現】【E1答(01)者,需回答此題】 □ (01)聯合新聞網UDN □ (02)自由時報 □ (03)中時新聞網 □ (04)蘋果新聞網 □ (05)經濟日報 □ (06)工商時報 □ (07)Taipei Times台北時報 □ (08)天下雜誌每日報 □ (09)立報傳媒 □ (10)苦勞網 □ (11)四方報 □ (12)臺灣醒報 □ (13)民報 □ (88)其他,請說明______【開放欄位】【該選項不隨機"
266,vG9m09,G9,match,,"0,1",,,,"0,1",,,,multiple-response binary,"G9‧那請問您經常透過哪一些電子報網站,或APP來看網路新聞?(可多選) 【訪員讀題完畢後,請將平板轉給受訪者選擇,並由訪員協助點選】【不顯示選項編號,選項(01)-(13)隨機出現】【E1答(01)者,需回答此題】 □ (01)聯合新聞網UDN □ (02)自由時報 □ (03)中時新聞網 □ (04)蘋果新聞網 □ (05)經濟日報 □ (06)工商時報 □ (07)Taipei Times台北時報 □ (08)天下雜誌每日報 □ (09)立報傳媒 □ (10)苦勞網 □ (11)四方報 □ (12)臺灣醒報 □ (13)民報 □ (88)其他,請說明______【開放欄位】【該選項不隨機"
267,vG9m10,G9,match,,"0,1",96,,,"0,1",96,,,multiple-response binary,"G9‧那請問您經常透過哪一些電子報網站,或APP來看網路新聞?(可多選) 【訪員讀題完畢後,請將平板轉給受訪者選擇,並由訪員協助點選】【不顯示選項編號,選項(01)-(13)隨機出現】【E1答(01)者,需回答此題】 □ (01)聯合新聞網UDN □ (02)自由時報 □ (03)中時新聞網 □ (04)蘋果新聞網 □ (05)經濟日報 □ (06)工商時報 □ (07)Taipei Times台北時報 □ (08)天下雜誌每日報 □ (09)立報傳媒 □ (10)苦勞網 □ (11)四方報 □ (12)臺灣醒報 □ (13)民報 □ (88)其他,請說明______【開放欄位】【該選項不隨機"
268,vG9m11,G9,match,,"0,1",96,,,"0,1",96,,,multiple-response binary,"G9‧那請問您經常透過哪一些電子報網站,或APP來看網路新聞?(可多選) 【訪員讀題完畢後,請將平板轉給受訪者選擇,並由訪員協助點選】【不顯示選項編號,選項(01)-(13)隨機出現】【E1答(01)者,需回答此題】 □ (01)聯合新聞網UDN □ (02)自由時報 □ (03)中時新聞網 □ (04)蘋果新聞網 □ (05)經濟日報 □ (06)工商時報 □ (07)Taipei Times台北時報 □ (08)天下雜誌每日報 □ (09)立報傳媒 □ (10)苦勞網 □ (11)四方報 □ (12)臺灣醒報 □ (13)民報 □ (88)其他,請說明______【開放欄位】【該選項不隨機"
269,vG9m12,G9,match,,"0,1",96,,,"0,1",96,,,multiple-response binary,"G9‧那請問您經常透過哪一些電子報網站,或APP來看網路新聞?(可多選) 【訪員讀題完畢後,請將平板轉給受訪者選擇,並由訪員協助點選】【不顯示選項編號,選項(01)-(13)隨機出現】【E1答(01)者,需回答此題】 □ (01)聯合新聞網UDN □ (02)自由時報 □ (03)中時新聞網 □ (04)蘋果新聞網 □ (05)經濟日報 □ (06)工商時報 □ (07)Taipei Times台北時報 □ (08)天下雜誌每日報 □ (09)立報傳媒 □ (10)苦勞網 □ (11)四方報 □ (12)臺灣醒報 □ (13)民報 □ (88)其他,請說明______【開放欄位】【該選項不隨機"
270,vG9m13,G9,match,,"0,1",96,,,"0,1",96,,,multiple-response binary,"G9‧那請問您經常透過哪一些電子報網站,或APP來看網路新聞?(可多選) 【訪員讀題完畢後,請將平板轉給受訪者選擇,並由訪員協助點選】【不顯示選項編號,選項(01)-(13)隨機出現】【E1答(01)者,需回答此題】 □ (01)聯合新聞網UDN □ (02)自由時報 □ (03)中時新聞網 □ (04)蘋果新聞網 □ (05)經濟日報 □ (06)工商時報 □ (07)Taipei Times台北時報 □ (08)天下雜誌每日報 □ (09)立報傳媒 □ (10)苦勞網 □ (11)四方報 □ (12)臺灣醒報 □ (13)民報 □ (88)其他,請說明______【開放欄位】【該選項不隨機"
271,vG9m88,G9,match,,"0,1",96,,,"0,1",96,,,multiple-response binary,"G9‧那請問您經常透過哪一些電子報網站,或APP來看網路新聞?(可多選) 【訪員讀題完畢後,請將平板轉給受訪者選擇,並由訪員協助點選】【不顯示選項編號,選項(01)-(13)隨機出現】【E1答(01)者,需回答此題】 □ (01)聯合新聞網UDN □ (02)自由時報 □ (03)中時新聞網 □ (04)蘋果新聞網 □ (05)經濟日報 □ (06)工商時報 □ (07)Taipei Times台北時報 □ (08)天下雜誌每日報 □ (09)立報傳媒 □ (10)苦勞網 □ (11)四方報 □ (12)臺灣醒報 □ (13)民報 □ (88)其他,請說明______【開放欄位】【該選項不隨機"
272,vG9m90,G9,match,,"0,1",96,,,"0,1",96,,,multiple-response binary,"G9‧那請問您經常透過哪一些電子報網站,或APP來看網路新聞?(可多選) 【訪員讀題完畢後,請將平板轉給受訪者選擇,並由訪員協助點選】【不顯示選項編號,選項(01)-(13)隨機出現】【E1答(01)者,需回答此題】 □ (01)聯合新聞網UDN □ (02)自由時報 □ (03)中時新聞網 □ (04)蘋果新聞網 □ (05)經濟日報 □ (06)工商時報 □ (07)Taipei Times台北時報 □ (08)天下雜誌每日報 □ (09)立報傳媒 □ (10)苦勞網 □ (11)四方報 □ (12)臺灣醒報 □ (13)民報 □ (88)其他,請說明______【開放欄位】【該選項不隨機"
273,vG10m01,G10,match,,"0,1",,,,"0,1",,,,multiple-response binary,"G10‧那請問您經常透過哪一些獨立媒體及通訊社網站,或APP來看網路新聞?(可多選) 【訪員讀題完畢後,請將平板轉給受訪者選擇,並由訪員協助點選】【不顯示選項編號,選項(01)-(19)隨機出現】【E1答(01)者,需回答此題】 □ (01)CNA中央通訊社 □ (02)The News Lens(關鍵評論網) □ (03)報導者The Reporter □ (04)公民新聞(PEOPO) □ (05)PNN公視新聞議題中心 □ (06)風傳媒 □ (07)端傳媒 □ (08)上下游新聞市集 □ (09)公民行動影音紀錄資料庫 □ (10)NOW news(今日新聞) □ (11)地球圖輯隊 "
274,vG10m02,G10,match,,"0,1",,,,"0,1",,,,multiple-response binary,"G10‧那請問您經常透過哪一些獨立媒體及通訊社網站,或APP來看網路新聞?(可多選) 【訪員讀題完畢後,請將平板轉給受訪者選擇,並由訪員協助點選】【不顯示選項編號,選項(01)-(19)隨機出現】【E1答(01)者,需回答此題】 □ (01)CNA中央通訊社 □ (02)The News Lens(關鍵評論網) □ (03)報導者The Reporter □ (04)公民新聞(PEOPO) □ (05)PNN公視新聞議題中心 □ (06)風傳媒 □ (07)端傳媒 □ (08)上下游新聞市集 □ (09)公民行動影音紀錄資料庫 □ (10)NOW news(今日新聞) □ (11)地球圖輯隊 "
275,vG10m03,G10,match,,"0,1",,,,"0,1",,,,multiple-response binary,"G10‧那請問您經常透過哪一些獨立媒體及通訊社網站,或APP來看網路新聞?(可多選) 【訪員讀題完畢後,請將平板轉給受訪者選擇,並由訪員協助點選】【不顯示選項編號,選項(01)-(19)隨機出現】【E1答(01)者,需回答此題】 □ (01)CNA中央通訊社 □ (02)The News Lens(關鍵評論網) □ (03)報導者The Reporter □ (04)公民新聞(PEOPO) □ (05)PNN公視新聞議題中心 □ (06)風傳媒 □ (07)端傳媒 □ (08)上下游新聞市集 □ (09)公民行動影音紀錄資料庫 □ (10)NOW news(今日新聞) □ (11)地球圖輯隊 "
276,vG10m04,G10,match,,"0,1",,,,"0,1",,,,multiple-response binary,"G10‧那請問您經常透過哪一些獨立媒體及通訊社網站,或APP來看網路新聞?(可多選) 【訪員讀題完畢後,請將平板轉給受訪者選擇,並由訪員協助點選】【不顯示選項編號,選項(01)-(19)隨機出現】【E1答(01)者,需回答此題】 □ (01)CNA中央通訊社 □ (02)The News Lens(關鍵評論網) □ (03)報導者The Reporter □ (04)公民新聞(PEOPO) □ (05)PNN公視新聞議題中心 □ (06)風傳媒 □ (07)端傳媒 □ (08)上下游新聞市集 □ (09)公民行動影音紀錄資料庫 □ (10)NOW news(今日新聞) □ (11)地球圖輯隊 "
277,vG10m05,G10,match,,"0,1",,,,"0,1",,,,multiple-response binary,"G10‧那請問您經常透過哪一些獨立媒體及通訊社網站,或APP來看網路新聞?(可多選) 【訪員讀題完畢後,請將平板轉給受訪者選擇,並由訪員協助點選】【不顯示選項編號,選項(01)-(19)隨機出現】【E1答(01)者,需回答此題】 □ (01)CNA中央通訊社 □ (02)The News Lens(關鍵評論網) □ (03)報導者The Reporter □ (04)公民新聞(PEOPO) □ (05)PNN公視新聞議題中心 □ (06)風傳媒 □ (07)端傳媒 □ (08)上下游新聞市集 □ (09)公民行動影音紀錄資料庫 □ (10)NOW news(今日新聞) □ (11)地球圖輯隊 "
278,vG10m06,G10,match,,"0,1",,,,"0,1",,,,multiple-response binary,"G10‧那請問您經常透過哪一些獨立媒體及通訊社網站,或APP來看網路新聞?(可多選) 【訪員讀題完畢後,請將平板轉給受訪者選擇,並由訪員協助點選】【不顯示選項編號,選項(01)-(19)隨機出現】【E1答(01)者,需回答此題】 □ (01)CNA中央通訊社 □ (02)The News Lens(關鍵評論網) □ (03)報導者The Reporter □ (04)公民新聞(PEOPO) □ (05)PNN公視新聞議題中心 □ (06)風傳媒 □ (07)端傳媒 □ (08)上下游新聞市集 □ (09)公民行動影音紀錄資料庫 □ (10)NOW news(今日新聞) □ (11)地球圖輯隊 "
279,vG10m07,G10,match,,"0,1",,,,"0,1",,,,multiple-response binary,"G10‧那請問您經常透過哪一些獨立媒體及通訊社網站,或APP來看網路新聞?(可多選) 【訪員讀題完畢後,請將平板轉給受訪者選擇,並由訪員協助點選】【不顯示選項編號,選項(01)-(19)隨機出現】【E1答(01)者,需回答此題】 □ (01)CNA中央通訊社 □ (02)The News Lens(關鍵評論網) □ (03)報導者The Reporter □ (04)公民新聞(PEOPO) □ (05)PNN公視新聞議題中心 □ (06)風傳媒 □ (07)端傳媒 □ (08)上下游新聞市集 □ (09)公民行動影音紀錄資料庫 □ (10)NOW news(今日新聞) □ (11)地球圖輯隊 "
280,vG10m08,G10,match,,"0,1",,,,"0,1",,,,multiple-response binary,"G10‧那請問您經常透過哪一些獨立媒體及通訊社網站,或APP來看網路新聞?(可多選) 【訪員讀題完畢後,請將平板轉給受訪者選擇,並由訪員協助點選】【不顯示選項編號,選項(01)-(19)隨機出現】【E1答(01)者,需回答此題】 □ (01)CNA中央通訊社 □ (02)The News Lens(關鍵評論網) □ (03)報導者The Reporter □ (04)公民新聞(PEOPO) □ (05)PNN公視新聞議題中心 □ (06)風傳媒 □ (07)端傳媒 □ (08)上下游新聞市集 □ (09)公民行動影音紀錄資料庫 □ (10)NOW news(今日新聞) □ (11)地球圖輯隊 "
281,vG10m09,G10,match,,"0,1",,,,"0,1",,,,multiple-response binary,"G10‧那請問您經常透過哪一些獨立媒體及通訊社網站,或APP來看網路新聞?(可多選) 【訪員讀題完畢後,請將平板轉給受訪者選擇,並由訪員協助點選】【不顯示選項編號,選項(01)-(19)隨機出現】【E1答(01)者,需回答此題】 □ (01)CNA中央通訊社 □ (02)The News Lens(關鍵評論網) □ (03)報導者The Reporter □ (04)公民新聞(PEOPO) □ (05)PNN公視新聞議題中心 □ (06)風傳媒 □ (07)端傳媒 □ (08)上下游新聞市集 □ (09)公民行動影音紀錄資料庫 □ (10)NOW news(今日新聞) □ (11)地球圖輯隊 "
282,vG10m10,G10,match,,"0,1",96,,,"0,1",96,,,multiple-response binary,"G10‧那請問您經常透過哪一些獨立媒體及通訊社網站,或APP來看網路新聞?(可多選) 【訪員讀題完畢後,請將平板轉給受訪者選擇,並由訪員協助點選】【不顯示選項編號,選項(01)-(19)隨機出現】【E1答(01)者,需回答此題】 □ (01)CNA中央通訊社 □ (02)The News Lens(關鍵評論網) □ (03)報導者The Reporter □ (04)公民新聞(PEOPO) □ (05)PNN公視新聞議題中心 □ (06)風傳媒 □ (07)端傳媒 □ (08)上下游新聞市集 □ (09)公民行動影音紀錄資料庫 □ (10)NOW news(今日新聞) □ (11)地球圖輯隊 "
283,vG10m11,G10,match,,"0,1",96,,,"0,1",96,,,multiple-response binary,"G10‧那請問您經常透過哪一些獨立媒體及通訊社網站,或APP來看網路新聞?(可多選) 【訪員讀題完畢後,請將平板轉給受訪者選擇,並由訪員協助點選】【不顯示選項編號,選項(01)-(19)隨機出現】【E1答(01)者,需回答此題】 □ (01)CNA中央通訊社 □ (02)The News Lens(關鍵評論網) □ (03)報導者The Reporter □ (04)公民新聞(PEOPO) □ (05)PNN公視新聞議題中心 □ (06)風傳媒 □ (07)端傳媒 □ (08)上下游新聞市集 □ (09)公民行動影音紀錄資料庫 □ (10)NOW news(今日新聞) □ (11)地球圖輯隊 "
284,vG10m12,G10,match,,"0,1",96,,,"0,1",96,,,multiple-response binary,"G10‧那請問您經常透過哪一些獨立媒體及通訊社網站,或APP來看網路新聞?(可多選) 【訪員讀題完畢後,請將平板轉給受訪者選擇,並由訪員協助點選】【不顯示選項編號,選項(01)-(19)隨機出現】【E1答(01)者,需回答此題】 □ (01)CNA中央通訊社 □ (02)The News Lens(關鍵評論網) □ (03)報導者The Reporter □ (04)公民新聞(PEOPO) □ (05)PNN公視新聞議題中心 □ (06)風傳媒 □ (07)端傳媒 □ (08)上下游新聞市集 □ (09)公民行動影音紀錄資料庫 □ (10)NOW news(今日新聞) □ (11)地球圖輯隊 "
285,vG10m13,G10,match,,"0,1",96,,,"0,1",96,,,multiple-response binary,"G10‧那請問您經常透過哪一些獨立媒體及通訊社網站,或APP來看網路新聞?(可多選) 【訪員讀題完畢後,請將平板轉給受訪者選擇,並由訪員協助點選】【不顯示選項編號,選項(01)-(19)隨機出現】【E1答(01)者,需回答此題】 □ (01)CNA中央通訊社 □ (02)The News Lens(關鍵評論網) □ (03)報導者The Reporter □ (04)公民新聞(PEOPO) □ (05)PNN公視新聞議題中心 □ (06)風傳媒 □ (07)端傳媒 □ (08)上下游新聞市集 □ (09)公民行動影音紀錄資料庫 □ (10)NOW news(今日新聞) □ (11)地球圖輯隊 "
286,vG10m14,G10,match,,"0,1",96,,,"0,1",96,,,multiple-response binary,"G10‧那請問您經常透過哪一些獨立媒體及通訊社網站,或APP來看網路新聞?(可多選) 【訪員讀題完畢後,請將平板轉給受訪者選擇,並由訪員協助點選】【不顯示選項編號,選項(01)-(19)隨機出現】【E1答(01)者,需回答此題】 □ (01)CNA中央通訊社 □ (02)The News Lens(關鍵評論網) □ (03)報導者The Reporter □ (04)公民新聞(PEOPO) □ (05)PNN公視新聞議題中心 □ (06)風傳媒 □ (07)端傳媒 □ (08)上下游新聞市集 □ (09)公民行動影音紀錄資料庫 □ (10)NOW news(今日新聞) □ (11)地球圖輯隊 "
287,vG10m15,G10,match,,"0,1",96,,,"0,1",96,,,multiple-response binary,"G10‧那請問您經常透過哪一些獨立媒體及通訊社網站,或APP來看網路新聞?(可多選) 【訪員讀題完畢後,請將平板轉給受訪者選擇,並由訪員協助點選】【不顯示選項編號,選項(01)-(19)隨機出現】【E1答(01)者,需回答此題】 □ (01)CNA中央通訊社 □ (02)The News Lens(關鍵評論網) □ (03)報導者The Reporter □ (04)公民新聞(PEOPO) □ (05)PNN公視新聞議題中心 □ (06)風傳媒 □ (07)端傳媒 □ (08)上下游新聞市集 □ (09)公民行動影音紀錄資料庫 □ (10)NOW news(今日新聞) □ (11)地球圖輯隊 "
288,vG10m16,G10,match,,"0,1",96,,,"0,1",96,,,multiple-response binary,"G10‧那請問您經常透過哪一些獨立媒體及通訊社網站,或APP來看網路新聞?(可多選) 【訪員讀題完畢後,請將平板轉給受訪者選擇,並由訪員協助點選】【不顯示選項編號,選項(01)-(19)隨機出現】【E1答(01)者,需回答此題】 □ (01)CNA中央通訊社 □ (02)The News Lens(關鍵評論網) □ (03)報導者The Reporter □ (04)公民新聞(PEOPO) □ (05)PNN公視新聞議題中心 □ (06)風傳媒 □ (07)端傳媒 □ (08)上下游新聞市集 □ (09)公民行動影音紀錄資料庫 □ (10)NOW news(今日新聞) □ (11)地球圖輯隊 "
289,vG10m17,G10,match,,"0,1",96,,,"0,1",96,,,multiple-response binary,"G10‧那請問您經常透過哪一些獨立媒體及通訊社網站,或APP來看網路新聞?(可多選) 【訪員讀題完畢後,請將平板轉給受訪者選擇,並由訪員協助點選】【不顯示選項編號,選項(01)-(19)隨機出現】【E1答(01)者,需回答此題】 □ (01)CNA中央通訊社 □ (02)The News Lens(關鍵評論網) □ (03)報導者The Reporter □ (04)公民新聞(PEOPO) □ (05)PNN公視新聞議題中心 □ (06)風傳媒 □ (07)端傳媒 □ (08)上下游新聞市集 □ (09)公民行動影音紀錄資料庫 □ (10)NOW news(今日新聞) □ (11)地球圖輯隊 "
290,vG10m18,G10,match,,"0,1",96,,,"0,1",96,,,multiple-response binary,"G10‧那請問您經常透過哪一些獨立媒體及通訊社網站,或APP來看網路新聞?(可多選) 【訪員讀題完畢後,請將平板轉給受訪者選擇,並由訪員協助點選】【不顯示選項編號,選項(01)-(19)隨機出現】【E1答(01)者,需回答此題】 □ (01)CNA中央通訊社 □ (02)The News Lens(關鍵評論網) □ (03)報導者The Reporter □ (04)公民新聞(PEOPO) □ (05)PNN公視新聞議題中心 □ (06)風傳媒 □ (07)端傳媒 □ (08)上下游新聞市集 □ (09)公民行動影音紀錄資料庫 □ (10)NOW news(今日新聞) □ (11)地球圖輯隊 "
291,vG10m19,G10,match,,"0,1",96,,,"0,1",96,,,multiple-response binary,"G10‧那請問您經常透過哪一些獨立媒體及通訊社網站,或APP來看網路新聞?(可多選) 【訪員讀題完畢後,請將平板轉給受訪者選擇,並由訪員協助點選】【不顯示選項編號,選項(01)-(19)隨機出現】【E1答(01)者,需回答此題】 □ (01)CNA中央通訊社 □ (02)The News Lens(關鍵評論網) □ (03)報導者The Reporter □ (04)公民新聞(PEOPO) □ (05)PNN公視新聞議題中心 □ (06)風傳媒 □ (07)端傳媒 □ (08)上下游新聞市集 □ (09)公民行動影音紀錄資料庫 □ (10)NOW news(今日新聞) □ (11)地球圖輯隊 "
292,vG10m88,G10,match,,"0,1",96,,,"0,1",96,,,multiple-response binary,"G10‧那請問您經常透過哪一些獨立媒體及通訊社網站,或APP來看網路新聞?(可多選) 【訪員讀題完畢後,請將平板轉給受訪者選擇,並由訪員協助點選】【不顯示選項編號,選項(01)-(19)隨機出現】【E1答(01)者,需回答此題】 □ (01)CNA中央通訊社 □ (02)The News Lens(關鍵評論網) □ (03)報導者The Reporter □ (04)公民新聞(PEOPO) □ (05)PNN公視新聞議題中心 □ (06)風傳媒 □ (07)端傳媒 □ (08)上下游新聞市集 □ (09)公民行動影音紀錄資料庫 □ (10)NOW news(今日新聞) □ (11)地球圖輯隊 "
293,vG10m90,G10,match,,"0,1",96,,,"0,1",96,,,multiple-response binary,"G10‧那請問您經常透過哪一些獨立媒體及通訊社網站,或APP來看網路新聞?(可多選) 【訪員讀題完畢後,請將平板轉給受訪者選擇,並由訪員協助點選】【不顯示選項編號,選項(01)-(19)隨機出現】【E1答(01)者,需回答此題】 □ (01)CNA中央通訊社 □ (02)The News Lens(關鍵評論網) □ (03)報導者The Reporter □ (04)公民新聞(PEOPO) □ (05)PNN公視新聞議題中心 □ (06)風傳媒 □ (07)端傳媒 □ (08)上下游新聞市集 □ (09)公民行動影音紀錄資料庫 □ (10)NOW news(今日新聞) □ (11)地球圖輯隊 "
294,vG11m01,G11,match,,"0,1",,,,"0,1",,,,multiple-response binary,"G11‧那再請問您經常透過哪一些國際媒體的網站,或APP來看網路新聞?(可多選) 【訪員讀題完畢後,請將平板轉給受訪者選擇,並由訪員協助點選】【不顯示選項編號,選項(01)-(05)隨機出現】【E1答(01)者,需回答此題】 □ (01)BBC □ (02)CNN □ (03)NHK □ (04)CBC News □ (05)華爾街日報 □ (88)其他,請說明______【開放欄位】【該選項不隨機】 □ (90)都沒有【請注意】若選項內容都不會看,請告知訪員協助釐清本題看網路新聞的狀況,依然都沒有,才點選""都沒有"" □ (97)不知道 □ (98)拒答"
295,vG11m02,G11,match,,"0,1",,,,"0,1",,,,multiple-response binary,"G11‧那再請問您經常透過哪一些國際媒體的網站,或APP來看網路新聞?(可多選) 【訪員讀題完畢後,請將平板轉給受訪者選擇,並由訪員協助點選】【不顯示選項編號,選項(01)-(05)隨機出現】【E1答(01)者,需回答此題】 □ (01)BBC □ (02)CNN □ (03)NHK □ (04)CBC News □ (05)華爾街日報 □ (88)其他,請說明______【開放欄位】【該選項不隨機】 □ (90)都沒有【請注意】若選項內容都不會看,請告知訪員協助釐清本題看網路新聞的狀況,依然都沒有,才點選""都沒有"" □ (97)不知道 □ (98)拒答"
296,vG11m03,G11,match,,"0,1",,,,"0,1",,,,multiple-response binary,"G11‧那再請問您經常透過哪一些國際媒體的網站,或APP來看網路新聞?(可多選) 【訪員讀題完畢後,請將平板轉給受訪者選擇,並由訪員協助點選】【不顯示選項編號,選項(01)-(05)隨機出現】【E1答(01)者,需回答此題】 □ (01)BBC □ (02)CNN □ (03)NHK □ (04)CBC News □ (05)華爾街日報 □ (88)其他,請說明______【開放欄位】【該選項不隨機】 □ (90)都沒有【請注意】若選項內容都不會看,請告知訪員協助釐清本題看網路新聞的狀況,依然都沒有,才點選""都沒有"" □ (97)不知道 □ (98)拒答"
297,vG11m04,G11,match,,"0,1",,,,"0,1",,,,multiple-response binary,"G11‧那再請問您經常透過哪一些國際媒體的網站,或APP來看網路新聞?(可多選) 【訪員讀題完畢後,請將平板轉給受訪者選擇,並由訪員協助點選】【不顯示選項編號,選項(01)-(05)隨機出現】【E1答(01)者,需回答此題】 □ (01)BBC □ (02)CNN □ (03)NHK □ (04)CBC News □ (05)華爾街日報 □ (88)其他,請說明______【開放欄位】【該選項不隨機】 □ (90)都沒有【請注意】若選項內容都不會看,請告知訪員協助釐清本題看網路新聞的狀況,依然都沒有,才點選""都沒有"" □ (97)不知道 □ (98)拒答"
298,vG11m05,G11,match,,"0,1",,,,"0,1",,,,multiple-response binary,"G11‧那再請問您經常透過哪一些國際媒體的網站,或APP來看網路新聞?(可多選) 【訪員讀題完畢後,請將平板轉給受訪者選擇,並由訪員協助點選】【不顯示選項編號,選項(01)-(05)隨機出現】【E1答(01)者,需回答此題】 □ (01)BBC □ (02)CNN □ (03)NHK □ (04)CBC News □ (05)華爾街日報 □ (88)其他,請說明______【開放欄位】【該選項不隨機】 □ (90)都沒有【請注意】若選項內容都不會看,請告知訪員協助釐清本題看網路新聞的狀況,依然都沒有,才點選""都沒有"" □ (97)不知道 □ (98)拒答"
299,vG11m88,G11,match,,"0,1",96,,,"0,1",96,,,multiple-response binary,"G11‧那再請問您經常透過哪一些國際媒體的網站,或APP來看網路新聞?(可多選) 【訪員讀題完畢後,請將平板轉給受訪者選擇,並由訪員協助點選】【不顯示選項編號,選項(01)-(05)隨機出現】【E1答(01)者,需回答此題】 □ (01)BBC □ (02)CNN □ (03)NHK □ (04)CBC News □ (05)華爾街日報 □ (88)其他,請說明______【開放欄位】【該選項不隨機】 □ (90)都沒有【請注意】若選項內容都不會看,請告知訪員協助釐清本題看網路新聞的狀況,依然都沒有,才點選""都沒有"" □ (97)不知道 □ (98)拒答"
300,vG11m90,G11,match,,"0,1",96,,,"0,1",96,,,multiple-response binary,"G11‧那再請問您經常透過哪一些國際媒體的網站,或APP來看網路新聞?(可多選) 【訪員讀題完畢後,請將平板轉給受訪者選擇,並由訪員協助點選】【不顯示選項編號,選項(01)-(05)隨機出現】【E1答(01)者,需回答此題】 □ (01)BBC □ (02)CNN □ (03)NHK □ (04)CBC News □ (05)華爾街日報 □ (88)其他,請說明______【開放欄位】【該選項不隨機】 □ (90)都沒有【請注意】若選項內容都不會看,請告知訪員協助釐清本題看網路新聞的狀況,依然都沒有,才點選""都沒有"" □ (97)不知道 □ (98)拒答"
301,vG4,G4,mismatch,existing r1-r4 differ from proposal,"0.5,7",95,97,98,95,97,98,,option code span including table,"G4‧請問您每週平均有幾天會上網看新聞?【數值題,可輸入小數點,範圍為0.5、1、1.5、2、2.5、3、3.5、4、4.5、5、5.5、6、6.5、7、95、97、98】【G7或G8或G9或G10或G11答(01)-(88)者,需答此題】 *「網路新聞」是指將新聞內容放上網路,不論是文字或影音都算。 (1)文字:包括新聞網站(例:東森新聞網)、手機app(例如:整合網路新聞app、臉書及LINE上的新聞)。 (2)影音:包括上傳在YouTube上非直播的電視新聞。 訪員注意: 1.本題為數值題,若為區間請取「中間值」,例如:3~4天,請填入「3.5」天。 2.答案無法填答時(例如:一個月只看"
302,vG5,G5,match,,"1,2359",9797,9898,,"1,2359",9797,9898,,explicit numeric range,"G5‧在您有上網看新聞的那一天,您一整天大概會看多久?【數值題,範圍:0001-2359、9797、9898】【G7或G8或G9或G10或G11答(01)-(88)者,需答此題】 * 請以發生頻率較高(天數較多)來回答一整天看的時間,不是填看最長的時間。例如星期一到星期四都是3小時,星期五到星期日都是6小時,則頻率較高為星期一到星期四,答案填入「0300」。 訪員注意: 1.本題為數值題,請填入4位數,例如2小時30分,請填入「0230」。 2.若為區間請取「中間值」,例如:2~3小時,請填入「0230」。 3.若2個小時多一點,請填入「0215」;2小時多接近3小時,請填入「0245」。 _"
303,vB1,B1,mismatch,existing r1-r4 differ from proposal,"0,5",95,97,98,95,97,98,,option code span including table,"B1‧請問您每星期的星期一到星期五,平均有幾天會看電視?用網路方式「同步收看」電視頻道的節目也算。【數值題,可輸入小數點,範圍為0、0.5、1、1.5、2、2.5、3、3.5、4、4.5、5、95、97、98】 *「看電視」必須真的在看或在聽才算有看。如果只是開著沒在注意,不算有看。 *「同步收看」是指收看的節目無法讓您暫停、快轉、倒退,也無法自己任意選擇想看的片段。 訪員注意: 1.本題為數值題,若為區間請取「中間值」,例如:3~4天,請填入「3.5」天。 2.如果受訪者星期一到星期五都沒有看電視,請填「0」;如果平均看不到0.5天,請填入「95」。 ________天 □ (95)平均不到"
304,vB2,B2,match,,"1,2359",9797,9898,,"1,2359",9797,9898,,explicit numeric range,"B2‧在您有看電視的星期一到星期五,您一整天大概會看多久?【數值題,範圍:0001-2359、9797、9898】【B1答0者,不需回答此題】 * 請以發生頻率較高(天數較多)來回答一整天收看時間,不是填觀看時間最久那天的時間。例如星期一到星期四都是3小時,星期五是6小時,則頻率較高為星期一到星期四,請填入「0300」。 訪員注意: 1.本題為數值題,請填入4位數,例如2小時30分,請填入「0230」。 2.若為區間請取「中間值」,例如:2~3小時,請填入「0230」。 3.若2個小時多一點,請填入「0215」;2小時多接近3小時,請填入「0245」。 ____________(時分4碼) □"
305,vB3,B3,mismatch,existing r1-r4 differ from proposal,"0,2",95,97,98,95,97,98,,option code span including table,"B3‧請問星期六和星期日兩天,您大概有幾天會看電視?用網路方式「同步收看」電視頻道的節目也算。【數值題,可輸入小數點,範圍為0、0.5、1、1.5、2、95、97、98】 訪員注意: 1.本題為數值題,若為區間請取「中間值」,例如:1~2天,請填入「1.5」天。 2.如果受訪者星期六和星期日都沒有看電視,請填「0」;如果平均看不到0.5天,請填入「95」。 ________天 □ (95)平均不到0.5天 □ (97)不知道 □ (98)拒答"
306,vB4,B4,match,,"1,2359",9797,9898,,"1,2359",9797,9898,,explicit numeric range,"B4‧請問星期六和星期日有看電視的那一天,您一整天大概會看多久?【數值題,範圍:0001-2359、9797、9898】【B3答0者,不需回答此題】 * 若星期六看5小時,星期日看3小時,頻率一樣(都是一天)則以平均計算,不是算觀看時間最久那天的時間,請填入「0400」。 訪員注意: 1.本題為數值題,請填入4位數,例如2小時30分,請填入「0230」。 2.若為區間請取「中間值」,例如:2~3小時,請填入「0230」。 3.若2個小時多一點,請填入「0215」;2小時多接近3小時,請填入「0245」。 ____________(時分4碼) □ (9797)不知道 □ (9898)拒答"
307,vB5,B5,mismatch,existing r1-r4 differ from proposal,"0,7",95,97,98,95,97,98,,option code span including table,"B5‧您在前面題目回答:週一至週五平均看【貼題B1】天電視,週六至週日平均看【貼題B3】天 電視,每週七天中,您平均有幾天會看電視新聞(包含在網路上同步看電視新聞直播)?【數值 題,可輸入小數點,範圍為0、0.5、1、1.5、2、2.5、3、3.5、4、4.5、5、5.5、6、6.5、7、 95、97、98】【B1及B3皆答0者,不需答此題】 訪員注意: 1.本題為數值題,若為區間請取「中間值」,例如:3~4天,請填入「3.5」天。 2.如果平均看不到0.5天,請填入「95」。 ________天 □ (95)平均不到0.5天 □ (97)不知道 □ (98)拒答"
308,vCKB5,CKB5,manual,no automatic proposal,,,,,,,,,no numeric range found,"CKB5‧【檢查題】【B1+B3+1<B5顯示此題】 受訪者一週當中看【貼B5答案】天的電視新聞(B5), 超過星期一到星期五看【貼B1答案】天+星期六和星期日看【貼B3答案】天(B3)電視的總和。 請回「上一題」B5題重新確認看電視新聞天數,或回到B1及B3題重新確認看電視天數。 請重新確認B1、B3及B5題天數 【互斥無法點選,選項號隱藏】 邏輯式備註: 1.B1<=5,B3<=2.B5<=7,B5>B1+B3+1 2.B1=95,B3<=2,B5<=7,B5>B3+1 3.B1<=5,B3=95,B5<=7,B5>B1+1 4.B1=95,B3=95,B5<=7,2<=B5<=7"
309,vB6,B6,range_match_special_diff,r1 matches; r2-r4 differ,"1,2359",9797,9898,,"1,2359",9797,9898,97,explicit numeric range,"B6‧在您有看電視新聞的那一天,您一整天大概會看多久?【數值題,範圍:0001-2359、9797、9898】【B5答0者,不需答此題】 *請以發生頻率較高(天數較多)來回答一整天收看時間,不是填觀看時間最久那天的時間。例如星期一到星期四都是3小時,星期五到星期日都是6小時,則頻率較高為星期一到星期四,請填入「0300」。 訪員注意: 1.本題為數值題,請填入4位數,例如2小時30分,請填入「0230」。 2.若為區間請取「中間值」,例如:2~3小時,請填入「0230」。 3.若2個小時多一點,請填入「0215」;2小時多接近3小時,請填入「0245」。 ____________(時分4碼) "
310,vB7am01,,match,,"0,1",,,,"0,1",,,,multiple-response binary,
311,vB7am02,,match,,"0,1",,,,"0,1",,,,multiple-response binary,
312,vB7am03,,match,,"0,1",,,,"0,1",,,,multiple-response binary,
313,vB7am04,,match,,"0,1",,,,"0,1",,,,multiple-response binary,
314,vB7am05,,match,,"0,1",,,,"0,1",,,,multiple-response binary,
315,vB7am06,,match,,"0,1",,,,"0,1",,,,multiple-response binary,
316,vB7am07,,match,,"0,1",,,,"0,1",,,,multiple-response binary,
317,vB7am08,,match,,"0,1",,,,"0,1",,,,multiple-response binary,
318,vB7am09,,match,,"0,1",,,,"0,1",,,,multiple-response binary,
319,vB7am10,,match,,"0,1",96,,,"0,1",96,,,multiple-response binary,
320,vB7am11,,match,,"0,1",96,,,"0,1",96,,,multiple-response binary,
321,vB7am12,,match,,"0,1",96,,,"0,1",96,,,multiple-response binary,
322,vB7am13,,match,,"0,1",96,,,"0,1",96,,,multiple-response binary,
323,vB7am14,,match,,"0,1",96,,,"0,1",96,,,multiple-response binary,
324,vB7am15,,match,,"0,1",96,,,"0,1",96,,,multiple-response binary,
325,vB7am16,,match,,"0,1",96,,,"0,1",96,,,multiple-response binary,
326,vB7am17,,match,,"0,1",96,,,"0,1",96,,,multiple-response binary,
327,vB7am18,,match,,"0,1",96,,,"0,1",96,,,multiple-response binary,
328,vB7am19,,match,,"0,1",96,,,"0,1",96,,,multiple-response binary,
329,vB7am20,,match,,"0,1",96,,,"0,1",96,,,multiple-response binary,
330,vB7am21,,match,,"0,1",96,,,"0,1",96,,,multiple-response binary,
331,vB7am22,,match,,"0,1",96,,,"0,1",96,,,multiple-response binary,
332,vB7am23,,match,,"0,1",96,,,"0,1",96,,,multiple-response binary,
333,vB7am24,,match,,"0,1",96,,,"0,1",96,,,multiple-response binary,
334,vB7am25,,match,,"0,1",96,,,"0,1",96,,,multiple-response binary,
335,vB7am26,,match,,"0,1",96,,,"0,1",96,,,multiple-response binary,
336,vB7am27,,match,,"0,1",96,,,"0,1",96,,,multiple-response binary,
337,vB7am28,,match,,"0,1",96,,,"0,1",96,,,multiple-response binary,
338,vB7am29,,match,,"0,1",96,,,"0,1",96,,,multiple-response binary,
339,vB7am30,,match,,"0,1",96,,,"0,1",96,,,multiple-response binary,
340,vB7am31,,match,,"0,1",96,,,"0,1",96,,,multiple-response binary,
341,vB7am32,,match,,"0,1",96,,,"0,1",96,,,multiple-response binary,
342,vB7am33,,match,,"0,1",96,,,"0,1",96,,,multiple-response binary,
343,vB7am34,,match,,"0,1",96,,,"0,1",96,,,multiple-response binary,
344,vB7am35,,match,,"0,1",96,,,"0,1",96,,,multiple-response binary,
345,vB7am36,,match,,"0,1",96,,,"0,1",96,,,multiple-response binary,
346,vB7am37,,match,,"0,1",96,,,"0,1",96,,,multiple-response binary,
347,vB7am38,,match,,"0,1",96,,,"0,1",96,,,multiple-response binary,
348,vB7am39,,match,,"0,1",96,,,"0,1",96,,,multiple-response binary,
349,vB7am40,,match,,"0,1",96,,,"0,1",96,,,multiple-response binary,
350,vB7am41,,match,,"0,1",96,,,"0,1",96,,,multiple-response binary,
351,vB7am42,,match,,"0,1",96,,,"0,1",96,,,multiple-response binary,
352,vB7am43,,match,,"0,1",96,,,"0,1",96,,,multiple-response binary,
353,vB7am44,,match,,"0,1",96,,,"0,1",96,,,multiple-response binary,
354,vB7am45,,match,,"0,1",96,,,"0,1",96,,,multiple-response binary,
355,vB7am46,,match,,"0,1",96,,,"0,1",96,,,multiple-response binary,
356,vB7am47,,match,,"0,1",96,,,"0,1",96,,,multiple-response binary,
357,vB7am48,,match,,"0,1",96,,,"0,1",96,,,multiple-response binary,
358,vB7am49,,match,,"0,1",96,,,"0,1",96,,,multiple-response binary,
359,vB7am50,,match,,"0,1",96,,,"0,1",96,,,multiple-response binary,
360,vB7am51,,match,,"0,1",96,,,"0,1",96,,,multiple-response binary,
361,vB7am52,,match,,"0,1",96,,,"0,1",96,,,multiple-response binary,
362,vB7am53,,match,,"0,1",96,,,"0,1",96,,,multiple-response binary,
363,vB7am54,,match,,"0,1",96,,,"0,1",96,,,multiple-response binary,
364,vB7am88,,match,,"0,1",96,,,"0,1",96,,,multiple-response binary,
365,vB7,B7,range_match_special_diff,r1 matches; r2-r4 differ,"1,88",97,98,,"1,88",95,97,98,option code span including table,"B7‧那請問您最常看其中的哪一台電視新聞?(卡20)【B7a回答(01)-(88)超過2個選項時顯示,並只能選B7a選填的答案】【B7a只選1個選項,不需回答此題】 訪員注意: 1.若會看不同台的電視新聞,請用受訪者一天「看最久」的那台來回答。 2.訪員請務必追問出一台,若受訪者回答兩台以上,則追問在最忙時會第一優先看哪一台,或對哪一台最有興趣。 □ (01)TVBS新聞台(55台,24小時新聞台) □ (02)TVBS(56台) □ (03)三立新聞台(24小時新聞台) □ (04)三立台灣台 □ (05)三立財經台 (iNEWS) □ (06)八大第一台 □ (07)中視新聞台(24小時新"
366,vB8m01,B8,match,,"0,1",,,,"0,1",,,,multiple-response binary,"B8‧最近一個月您經常看下列哪幾種類型的電視節目?(可多選)(卡21)【B1及B3皆答0者,不需答此題】 訪員注意: 1.括號內只是舉例,若有符合括號內其中一項就可以選。 2.若有看特定電視節目但不知道要選哪類,則請在(88)其他欄位中填寫「該節目名稱」。 □ (01)新聞類(例如:社會新聞、即時新聞、氣象、體育新聞、國際新聞、政治新聞、交通資訊、專題報導)【B5答0者,與此選項互斥】【資料處理:B5答0.5~7天,選項(01)必選】 □ (02)生活消費類(例如:觀光旅遊、美食烹飪、消費購物) □ (03)戲劇電影(例如:戲劇、電影、影集) □ (04)綜藝娛樂(例如:綜藝、音樂歌唱、影視娛"
367,vB8m02,B8,match,,"0,1",,,,"0,1",,,,multiple-response binary,"B8‧最近一個月您經常看下列哪幾種類型的電視節目?(可多選)(卡21)【B1及B3皆答0者,不需答此題】 訪員注意: 1.括號內只是舉例,若有符合括號內其中一項就可以選。 2.若有看特定電視節目但不知道要選哪類,則請在(88)其他欄位中填寫「該節目名稱」。 □ (01)新聞類(例如:社會新聞、即時新聞、氣象、體育新聞、國際新聞、政治新聞、交通資訊、專題報導)【B5答0者,與此選項互斥】【資料處理:B5答0.5~7天,選項(01)必選】 □ (02)生活消費類(例如:觀光旅遊、美食烹飪、消費購物) □ (03)戲劇電影(例如:戲劇、電影、影集) □ (04)綜藝娛樂(例如:綜藝、音樂歌唱、影視娛"
368,vB8m03,B8,match,,"0,1",,,,"0,1",,,,multiple-response binary,"B8‧最近一個月您經常看下列哪幾種類型的電視節目?(可多選)(卡21)【B1及B3皆答0者,不需答此題】 訪員注意: 1.括號內只是舉例,若有符合括號內其中一項就可以選。 2.若有看特定電視節目但不知道要選哪類,則請在(88)其他欄位中填寫「該節目名稱」。 □ (01)新聞類(例如:社會新聞、即時新聞、氣象、體育新聞、國際新聞、政治新聞、交通資訊、專題報導)【B5答0者,與此選項互斥】【資料處理:B5答0.5~7天,選項(01)必選】 □ (02)生活消費類(例如:觀光旅遊、美食烹飪、消費購物) □ (03)戲劇電影(例如:戲劇、電影、影集) □ (04)綜藝娛樂(例如:綜藝、音樂歌唱、影視娛"
369,vB8m04,B8,match,,"0,1",,,,"0,1",,,,multiple-response binary,"B8‧最近一個月您經常看下列哪幾種類型的電視節目?(可多選)(卡21)【B1及B3皆答0者,不需答此題】 訪員注意: 1.括號內只是舉例,若有符合括號內其中一項就可以選。 2.若有看特定電視節目但不知道要選哪類,則請在(88)其他欄位中填寫「該節目名稱」。 □ (01)新聞類(例如:社會新聞、即時新聞、氣象、體育新聞、國際新聞、政治新聞、交通資訊、專題報導)【B5答0者,與此選項互斥】【資料處理:B5答0.5~7天,選項(01)必選】 □ (02)生活消費類(例如:觀光旅遊、美食烹飪、消費購物) □ (03)戲劇電影(例如:戲劇、電影、影集) □ (04)綜藝娛樂(例如:綜藝、音樂歌唱、影視娛"
370,vB8m05,B8,match,,"0,1",,,,"0,1",,,,multiple-response binary,"B8‧最近一個月您經常看下列哪幾種類型的電視節目?(可多選)(卡21)【B1及B3皆答0者,不需答此題】 訪員注意: 1.括號內只是舉例,若有符合括號內其中一項就可以選。 2.若有看特定電視節目但不知道要選哪類,則請在(88)其他欄位中填寫「該節目名稱」。 □ (01)新聞類(例如:社會新聞、即時新聞、氣象、體育新聞、國際新聞、政治新聞、交通資訊、專題報導)【B5答0者,與此選項互斥】【資料處理:B5答0.5~7天,選項(01)必選】 □ (02)生活消費類(例如:觀光旅遊、美食烹飪、消費購物) □ (03)戲劇電影(例如:戲劇、電影、影集) □ (04)綜藝娛樂(例如:綜藝、音樂歌唱、影視娛"
371,vB8m06,B8,match,,"0,1",,,,"0,1",,,,multiple-response binary,"B8‧最近一個月您經常看下列哪幾種類型的電視節目?(可多選)(卡21)【B1及B3皆答0者,不需答此題】 訪員注意: 1.括號內只是舉例,若有符合括號內其中一項就可以選。 2.若有看特定電視節目但不知道要選哪類,則請在(88)其他欄位中填寫「該節目名稱」。 □ (01)新聞類(例如:社會新聞、即時新聞、氣象、體育新聞、國際新聞、政治新聞、交通資訊、專題報導)【B5答0者,與此選項互斥】【資料處理:B5答0.5~7天,選項(01)必選】 □ (02)生活消費類(例如:觀光旅遊、美食烹飪、消費購物) □ (03)戲劇電影(例如:戲劇、電影、影集) □ (04)綜藝娛樂(例如:綜藝、音樂歌唱、影視娛"
372,vB8m07,B8,match,,"0,1",,,,"0,1",,,,multiple-response binary,"B8‧最近一個月您經常看下列哪幾種類型的電視節目?(可多選)(卡21)【B1及B3皆答0者,不需答此題】 訪員注意: 1.括號內只是舉例,若有符合括號內其中一項就可以選。 2.若有看特定電視節目但不知道要選哪類,則請在(88)其他欄位中填寫「該節目名稱」。 □ (01)新聞類(例如:社會新聞、即時新聞、氣象、體育新聞、國際新聞、政治新聞、交通資訊、專題報導)【B5答0者,與此選項互斥】【資料處理:B5答0.5~7天,選項(01)必選】 □ (02)生活消費類(例如:觀光旅遊、美食烹飪、消費購物) □ (03)戲劇電影(例如:戲劇、電影、影集) □ (04)綜藝娛樂(例如:綜藝、音樂歌唱、影視娛"
373,vB8m08,B8,match,,"0,1",,,,"0,1",,,,multiple-response binary,"B8‧最近一個月您經常看下列哪幾種類型的電視節目?(可多選)(卡21)【B1及B3皆答0者,不需答此題】 訪員注意: 1.括號內只是舉例,若有符合括號內其中一項就可以選。 2.若有看特定電視節目但不知道要選哪類,則請在(88)其他欄位中填寫「該節目名稱」。 □ (01)新聞類(例如:社會新聞、即時新聞、氣象、體育新聞、國際新聞、政治新聞、交通資訊、專題報導)【B5答0者,與此選項互斥】【資料處理:B5答0.5~7天,選項(01)必選】 □ (02)生活消費類(例如:觀光旅遊、美食烹飪、消費購物) □ (03)戲劇電影(例如:戲劇、電影、影集) □ (04)綜藝娛樂(例如:綜藝、音樂歌唱、影視娛"
374,vB8m09,B8,match,,"0,1",,,,"0,1",,,,multiple-response binary,"B8‧最近一個月您經常看下列哪幾種類型的電視節目?(可多選)(卡21)【B1及B3皆答0者,不需答此題】 訪員注意: 1.括號內只是舉例,若有符合括號內其中一項就可以選。 2.若有看特定電視節目但不知道要選哪類,則請在(88)其他欄位中填寫「該節目名稱」。 □ (01)新聞類(例如:社會新聞、即時新聞、氣象、體育新聞、國際新聞、政治新聞、交通資訊、專題報導)【B5答0者,與此選項互斥】【資料處理:B5答0.5~7天,選項(01)必選】 □ (02)生活消費類(例如:觀光旅遊、美食烹飪、消費購物) □ (03)戲劇電影(例如:戲劇、電影、影集) □ (04)綜藝娛樂(例如:綜藝、音樂歌唱、影視娛"
375,vB8m10,B8,match,,"0,1",96,,,"0,1",96,,,multiple-response binary,"B8‧最近一個月您經常看下列哪幾種類型的電視節目?(可多選)(卡21)【B1及B3皆答0者,不需答此題】 訪員注意: 1.括號內只是舉例,若有符合括號內其中一項就可以選。 2.若有看特定電視節目但不知道要選哪類,則請在(88)其他欄位中填寫「該節目名稱」。 □ (01)新聞類(例如:社會新聞、即時新聞、氣象、體育新聞、國際新聞、政治新聞、交通資訊、專題報導)【B5答0者,與此選項互斥】【資料處理:B5答0.5~7天,選項(01)必選】 □ (02)生活消費類(例如:觀光旅遊、美食烹飪、消費購物) □ (03)戲劇電影(例如:戲劇、電影、影集) □ (04)綜藝娛樂(例如:綜藝、音樂歌唱、影視娛"
376,vB8m88,B8,match,,"0,1",96,,,"0,1",96,,,multiple-response binary,"B8‧最近一個月您經常看下列哪幾種類型的電視節目?(可多選)(卡21)【B1及B3皆答0者,不需答此題】 訪員注意: 1.括號內只是舉例,若有符合括號內其中一項就可以選。 2.若有看特定電視節目但不知道要選哪類,則請在(88)其他欄位中填寫「該節目名稱」。 □ (01)新聞類(例如:社會新聞、即時新聞、氣象、體育新聞、國際新聞、政治新聞、交通資訊、專題報導)【B5答0者,與此選項互斥】【資料處理:B5答0.5~7天,選項(01)必選】 □ (02)生活消費類(例如:觀光旅遊、美食烹飪、消費購物) □ (03)戲劇電影(例如:戲劇、電影、影集) □ (04)綜藝娛樂(例如:綜藝、音樂歌唱、影視娛"
377,vI1,I1,mismatch,existing r1-r4 differ from proposal,"0,5",95,97,98,95,97,98,,option code span including table,"I1‧接下來將詢問您有關「看戲劇」的題目。請問您每星期的星期一到星期五,平均有幾天會看戲劇節目(包含電影、動漫也算)?【數值題,可輸入小數點,範圍為0、0.5、1、1.5、2、2.5、3、3.5、4、4.5、5、95、97、98】 * 「戲劇」是指有故事劇情的節目,例如:電影、動漫、鄉土劇、偶像劇、韓劇、影集、歌仔戲、卡通等。 * 不論在電視、MOD、網路影音平台(例如:愛奇藝、Netflix等),或是從網路上下載來看的都算。 * 若沒有固定看戲劇,例如:看到喜歡、有興趣的戲劇才看或追,現在沒看到喜歡的就沒看,請回答最近一週看戲劇的天數。 訪員注意: 1.本題為數值題,若為區間請取「中間值」,"
378,vI2,I2,match,,"1,2359",9797,9898,,"1,2359",9797,9898,,explicit numeric range,"I2‧在您有看戲劇節目的星期一到星期五,您一整天大概會看多久?【數值題,範圍:0001-2359、9797、9898】【I1答0者,不需回答此題】 * 請以發生頻率較高(天數較多)來回答一整天收看時間,不是填觀看時間最久那天的時間。例如星期一到星期四都是3小時,星期五是6小時,則頻率較高為星期一到星期四,請填入「0300」。 訪員注意: 1.本題為數值題,請填入4位數,例如2小時30分,請填入「0230」。 2.若為區間請取「中間值」,例如:2~3小時,請填入「0230」。 3.若2個小時多一點,請填入「0215」;2小時多接近3小時,請填入「0245」。 ____________(時分4碼)"
379,vI3,I3,mismatch,existing r1-r4 differ from proposal,"0,2",95,97,98,95,97,98,,option code span including table,"I3‧請問星期六和星期日兩天,您大概有幾天會看戲劇節目(包含電影也算)?【數值題,可輸入小數點,範圍為0、0.5、1、1.5、2、95、97、98】 訪員注意: 1.本題為數值題,若為區間請取「中間值」,例如:1~2天,請填入「1.5」天。 2.如果受訪者平均看不到0.5天,請填入「95」;如受訪者星期六和星期日都沒有看戲劇節目,請填入「0」。 ________天 □ (95)平均不到0.5天 □ (97)不知道 □ (98)拒答"
380,vI4,I4,match,,"1,2359",9797,9898,,"1,2359",9797,9898,,explicit numeric range,"I4‧星期六和星期日有看戲劇節目的那一天,您一整天大概會看多久?【數值題,範圍:0001-2359、9797、9898】【I3答0者,不需回答此題】 * 若星期六看5小時,星期日看3小時,頻率一樣(都是一天)則以平均計算,不是算觀看時間最久那天的時間,請填入「0400」。 訪員注意: 1.本題為數值題,請填入4位數,例如2小時30分,請填入「0230」。 2.若為區間請取「中間值」,例如:2~3小時,請填入「0230」。 3.若2個小時多一點,請填入「0215」;2小時多接近3小時,請填入「0245」。 ____________(時分4碼) □ (9797)不知道 □ (9898)拒答 "
381,vCKI4,I4,mismatch,existing r1-r4 differ from proposal,"1,6",,,,"1,2359",9797,9898,,explicit numeric range,"I4‧星期六和星期日有看戲劇節目的那一天,您一整天大概會看多久?【數值題,範圍:0001-2359、9797、9898】【I3答0者,不需回答此題】 * 若星期六看5小時,星期日看3小時,頻率一樣(都是一天)則以平均計算,不是算觀看時間最久那天的時間,請填入「0400」。 訪員注意: 1.本題為數值題,請填入4位數,例如2小時30分,請填入「0230」。 2.若為區間請取「中間值」,例如:2~3小時,請填入「0230」。 3.若2個小時多一點,請填入「0215」;2小時多接近3小時,請填入「0245」。 ____________(時分4碼) □ (9797)不知道 □ (9898)拒答 "
382,vG1,G1,mismatch,existing r1-r4 differ from proposal,"0,7",95,97,98,95,97,98,,option code span including table,"G1‧請問您每週平均有幾天會看紙本報紙?【數值題,可輸入小數點,範圍為0、0.5、1、1.5、2、2.5、3、3.5、4、4.5、5、5.5、6、6.5、7、95、97、98】【A09答(01)者,不需回答此題】 * 「紙本報紙」是指定期出刊(通常是每天或每週)的紙本印刷讀物,一般會有針對國內、國際、地方新聞的報導,也有體育、娛樂等其他主題的版別。 訪員注意: 1.本題為數值題,若為區間請取「中間值」,例如:3~4天,請填入「3.5」天。 2.如果受訪者答案無法填答時(例如:一個月只看1天)或每週平均看不到0.5天,請填入「95」;如受訪者沒有看紙本報紙,請填入「0」。 ________天 □"
383,vG2,G2,match,,"1,2359",9797,9898,,"1,2359",9797,9898,,explicit numeric range,"G2‧在您有看紙本報紙的那一天,您一整天大概會看多久?【數值題,範圍:0001-2359、9797、9898】【A09答(01)者,或G1答0者,不需回答此題】 * 請以發生頻率較高(天數較多)來回答一整天看的時間,不是填看最長的時間。例如星期一到星期四都是3小時,星期五到星期日都是6小時,則頻率較高為星期一到星期四,答案填入「0300」。 訪員注意: 1.本題為數值題,請填入4位數,例如2小時30分,請填入「0230」。 2.若為區間請取「中間值」,例如:2~3小時,請填入「0230」。 3.若2個小時多一點,請填入「0215」;2小時多接近3小時,請填入「0245」。 __________"
384,vG3m01,G3,match,,"0,1",,,,"0,1",,,,multiple-response binary,"G3‧請問您經常看哪幾份紙本報紙?(可多選) (卡22) 【A09答(01)者,或G1答0者,不需回答此題】 □ (01)自由時報 □ (02)聯合報 □ (03)中國時報 □ (04)經濟日報 □ (05)工商時報 □ (06)更生日報(花蓮、臺東縣) □ (07)人間福報 □ (08)大紀元時報 □ (09)中華日報(臺南市) □ (10)國語日報 □ (11)旺報 □ (12)臺灣時報(高雄市) □ (13)青年日報 □ (14)Taipei Times □ (15)電子時報 □ (16)Taiwan News □ (18)台灣新生報 □ (19)China Post □ (20)馬祖日"
385,vG3m02,G3,match,,"0,1",,,,"0,1",,,,multiple-response binary,"G3‧請問您經常看哪幾份紙本報紙?(可多選) (卡22) 【A09答(01)者,或G1答0者,不需回答此題】 □ (01)自由時報 □ (02)聯合報 □ (03)中國時報 □ (04)經濟日報 □ (05)工商時報 □ (06)更生日報(花蓮、臺東縣) □ (07)人間福報 □ (08)大紀元時報 □ (09)中華日報(臺南市) □ (10)國語日報 □ (11)旺報 □ (12)臺灣時報(高雄市) □ (13)青年日報 □ (14)Taipei Times □ (15)電子時報 □ (16)Taiwan News □ (18)台灣新生報 □ (19)China Post □ (20)馬祖日"
386,vG3m03,G3,match,,"0,1",,,,"0,1",,,,multiple-response binary,"G3‧請問您經常看哪幾份紙本報紙?(可多選) (卡22) 【A09答(01)者,或G1答0者,不需回答此題】 □ (01)自由時報 □ (02)聯合報 □ (03)中國時報 □ (04)經濟日報 □ (05)工商時報 □ (06)更生日報(花蓮、臺東縣) □ (07)人間福報 □ (08)大紀元時報 □ (09)中華日報(臺南市) □ (10)國語日報 □ (11)旺報 □ (12)臺灣時報(高雄市) □ (13)青年日報 □ (14)Taipei Times □ (15)電子時報 □ (16)Taiwan News □ (18)台灣新生報 □ (19)China Post □ (20)馬祖日"
387,vG3m04,G3,match,,"0,1",,,,"0,1",,,,multiple-response binary,"G3‧請問您經常看哪幾份紙本報紙?(可多選) (卡22) 【A09答(01)者,或G1答0者,不需回答此題】 □ (01)自由時報 □ (02)聯合報 □ (03)中國時報 □ (04)經濟日報 □ (05)工商時報 □ (06)更生日報(花蓮、臺東縣) □ (07)人間福報 □ (08)大紀元時報 □ (09)中華日報(臺南市) □ (10)國語日報 □ (11)旺報 □ (12)臺灣時報(高雄市) □ (13)青年日報 □ (14)Taipei Times □ (15)電子時報 □ (16)Taiwan News □ (18)台灣新生報 □ (19)China Post □ (20)馬祖日"
388,vG3m05,G3,match,,"0,1",,,,"0,1",,,,multiple-response binary,"G3‧請問您經常看哪幾份紙本報紙?(可多選) (卡22) 【A09答(01)者,或G1答0者,不需回答此題】 □ (01)自由時報 □ (02)聯合報 □ (03)中國時報 □ (04)經濟日報 □ (05)工商時報 □ (06)更生日報(花蓮、臺東縣) □ (07)人間福報 □ (08)大紀元時報 □ (09)中華日報(臺南市) □ (10)國語日報 □ (11)旺報 □ (12)臺灣時報(高雄市) □ (13)青年日報 □ (14)Taipei Times □ (15)電子時報 □ (16)Taiwan News □ (18)台灣新生報 □ (19)China Post □ (20)馬祖日"
389,vG3m06,G3,match,,"0,1",,,,"0,1",,,,multiple-response binary,"G3‧請問您經常看哪幾份紙本報紙?(可多選) (卡22) 【A09答(01)者,或G1答0者,不需回答此題】 □ (01)自由時報 □ (02)聯合報 □ (03)中國時報 □ (04)經濟日報 □ (05)工商時報 □ (06)更生日報(花蓮、臺東縣) □ (07)人間福報 □ (08)大紀元時報 □ (09)中華日報(臺南市) □ (10)國語日報 □ (11)旺報 □ (12)臺灣時報(高雄市) □ (13)青年日報 □ (14)Taipei Times □ (15)電子時報 □ (16)Taiwan News □ (18)台灣新生報 □ (19)China Post □ (20)馬祖日"
390,vG3m07,G3,match,,"0,1",,,,"0,1",,,,multiple-response binary,"G3‧請問您經常看哪幾份紙本報紙?(可多選) (卡22) 【A09答(01)者,或G1答0者,不需回答此題】 □ (01)自由時報 □ (02)聯合報 □ (03)中國時報 □ (04)經濟日報 □ (05)工商時報 □ (06)更生日報(花蓮、臺東縣) □ (07)人間福報 □ (08)大紀元時報 □ (09)中華日報(臺南市) □ (10)國語日報 □ (11)旺報 □ (12)臺灣時報(高雄市) □ (13)青年日報 □ (14)Taipei Times □ (15)電子時報 □ (16)Taiwan News □ (18)台灣新生報 □ (19)China Post □ (20)馬祖日"
391,vG3m08,G3,match,,"0,1",,,,"0,1",,,,multiple-response binary,"G3‧請問您經常看哪幾份紙本報紙?(可多選) (卡22) 【A09答(01)者,或G1答0者,不需回答此題】 □ (01)自由時報 □ (02)聯合報 □ (03)中國時報 □ (04)經濟日報 □ (05)工商時報 □ (06)更生日報(花蓮、臺東縣) □ (07)人間福報 □ (08)大紀元時報 □ (09)中華日報(臺南市) □ (10)國語日報 □ (11)旺報 □ (12)臺灣時報(高雄市) □ (13)青年日報 □ (14)Taipei Times □ (15)電子時報 □ (16)Taiwan News □ (18)台灣新生報 □ (19)China Post □ (20)馬祖日"
392,vG3m09,G3,match,,"0,1",,,,"0,1",,,,multiple-response binary,"G3‧請問您經常看哪幾份紙本報紙?(可多選) (卡22) 【A09答(01)者,或G1答0者,不需回答此題】 □ (01)自由時報 □ (02)聯合報 □ (03)中國時報 □ (04)經濟日報 □ (05)工商時報 □ (06)更生日報(花蓮、臺東縣) □ (07)人間福報 □ (08)大紀元時報 □ (09)中華日報(臺南市) □ (10)國語日報 □ (11)旺報 □ (12)臺灣時報(高雄市) □ (13)青年日報 □ (14)Taipei Times □ (15)電子時報 □ (16)Taiwan News □ (18)台灣新生報 □ (19)China Post □ (20)馬祖日"
393,vG3m10,G3,match,,"0,1",96,,,"0,1",96,,,multiple-response binary,"G3‧請問您經常看哪幾份紙本報紙?(可多選) (卡22) 【A09答(01)者,或G1答0者,不需回答此題】 □ (01)自由時報 □ (02)聯合報 □ (03)中國時報 □ (04)經濟日報 □ (05)工商時報 □ (06)更生日報(花蓮、臺東縣) □ (07)人間福報 □ (08)大紀元時報 □ (09)中華日報(臺南市) □ (10)國語日報 □ (11)旺報 □ (12)臺灣時報(高雄市) □ (13)青年日報 □ (14)Taipei Times □ (15)電子時報 □ (16)Taiwan News □ (18)台灣新生報 □ (19)China Post □ (20)馬祖日"
394,vG3m11,G3,match,,"0,1",96,,,"0,1",96,,,multiple-response binary,"G3‧請問您經常看哪幾份紙本報紙?(可多選) (卡22) 【A09答(01)者,或G1答0者,不需回答此題】 □ (01)自由時報 □ (02)聯合報 □ (03)中國時報 □ (04)經濟日報 □ (05)工商時報 □ (06)更生日報(花蓮、臺東縣) □ (07)人間福報 □ (08)大紀元時報 □ (09)中華日報(臺南市) □ (10)國語日報 □ (11)旺報 □ (12)臺灣時報(高雄市) □ (13)青年日報 □ (14)Taipei Times □ (15)電子時報 □ (16)Taiwan News □ (18)台灣新生報 □ (19)China Post □ (20)馬祖日"
395,vG3m12,G3,match,,"0,1",96,,,"0,1",96,,,multiple-response binary,"G3‧請問您經常看哪幾份紙本報紙?(可多選) (卡22) 【A09答(01)者,或G1答0者,不需回答此題】 □ (01)自由時報 □ (02)聯合報 □ (03)中國時報 □ (04)經濟日報 □ (05)工商時報 □ (06)更生日報(花蓮、臺東縣) □ (07)人間福報 □ (08)大紀元時報 □ (09)中華日報(臺南市) □ (10)國語日報 □ (11)旺報 □ (12)臺灣時報(高雄市) □ (13)青年日報 □ (14)Taipei Times □ (15)電子時報 □ (16)Taiwan News □ (18)台灣新生報 □ (19)China Post □ (20)馬祖日"
396,vG3m13,G3,match,,"0,1",96,,,"0,1",96,,,multiple-response binary,"G3‧請問您經常看哪幾份紙本報紙?(可多選) (卡22) 【A09答(01)者,或G1答0者,不需回答此題】 □ (01)自由時報 □ (02)聯合報 □ (03)中國時報 □ (04)經濟日報 □ (05)工商時報 □ (06)更生日報(花蓮、臺東縣) □ (07)人間福報 □ (08)大紀元時報 □ (09)中華日報(臺南市) □ (10)國語日報 □ (11)旺報 □ (12)臺灣時報(高雄市) □ (13)青年日報 □ (14)Taipei Times □ (15)電子時報 □ (16)Taiwan News □ (18)台灣新生報 □ (19)China Post □ (20)馬祖日"
397,vG3m14,G3,match,,"0,1",96,,,"0,1",96,,,multiple-response binary,"G3‧請問您經常看哪幾份紙本報紙?(可多選) (卡22) 【A09答(01)者,或G1答0者,不需回答此題】 □ (01)自由時報 □ (02)聯合報 □ (03)中國時報 □ (04)經濟日報 □ (05)工商時報 □ (06)更生日報(花蓮、臺東縣) □ (07)人間福報 □ (08)大紀元時報 □ (09)中華日報(臺南市) □ (10)國語日報 □ (11)旺報 □ (12)臺灣時報(高雄市) □ (13)青年日報 □ (14)Taipei Times □ (15)電子時報 □ (16)Taiwan News □ (18)台灣新生報 □ (19)China Post □ (20)馬祖日"
398,vG3m15,G3,match,,"0,1",96,,,"0,1",96,,,multiple-response binary,"G3‧請問您經常看哪幾份紙本報紙?(可多選) (卡22) 【A09答(01)者,或G1答0者,不需回答此題】 □ (01)自由時報 □ (02)聯合報 □ (03)中國時報 □ (04)經濟日報 □ (05)工商時報 □ (06)更生日報(花蓮、臺東縣) □ (07)人間福報 □ (08)大紀元時報 □ (09)中華日報(臺南市) □ (10)國語日報 □ (11)旺報 □ (12)臺灣時報(高雄市) □ (13)青年日報 □ (14)Taipei Times □ (15)電子時報 □ (16)Taiwan News □ (18)台灣新生報 □ (19)China Post □ (20)馬祖日"
399,vG3m16,G3,match,,"0,1",96,,,"0,1",96,,,multiple-response binary,"G3‧請問您經常看哪幾份紙本報紙?(可多選) (卡22) 【A09答(01)者,或G1答0者,不需回答此題】 □ (01)自由時報 □ (02)聯合報 □ (03)中國時報 □ (04)經濟日報 □ (05)工商時報 □ (06)更生日報(花蓮、臺東縣) □ (07)人間福報 □ (08)大紀元時報 □ (09)中華日報(臺南市) □ (10)國語日報 □ (11)旺報 □ (12)臺灣時報(高雄市) □ (13)青年日報 □ (14)Taipei Times □ (15)電子時報 □ (16)Taiwan News □ (18)台灣新生報 □ (19)China Post □ (20)馬祖日"
400,vG3m18,G3,match,,"0,1",96,,,"0,1",96,,,multiple-response binary,"G3‧請問您經常看哪幾份紙本報紙?(可多選) (卡22) 【A09答(01)者,或G1答0者,不需回答此題】 □ (01)自由時報 □ (02)聯合報 □ (03)中國時報 □ (04)經濟日報 □ (05)工商時報 □ (06)更生日報(花蓮、臺東縣) □ (07)人間福報 □ (08)大紀元時報 □ (09)中華日報(臺南市) □ (10)國語日報 □ (11)旺報 □ (12)臺灣時報(高雄市) □ (13)青年日報 □ (14)Taipei Times □ (15)電子時報 □ (16)Taiwan News □ (18)台灣新生報 □ (19)China Post □ (20)馬祖日"
401,vG3m19,G3,match,,"0,1",96,,,"0,1",96,,,multiple-response binary,"G3‧請問您經常看哪幾份紙本報紙?(可多選) (卡22) 【A09答(01)者,或G1答0者,不需回答此題】 □ (01)自由時報 □ (02)聯合報 □ (03)中國時報 □ (04)經濟日報 □ (05)工商時報 □ (06)更生日報(花蓮、臺東縣) □ (07)人間福報 □ (08)大紀元時報 □ (09)中華日報(臺南市) □ (10)國語日報 □ (11)旺報 □ (12)臺灣時報(高雄市) □ (13)青年日報 □ (14)Taipei Times □ (15)電子時報 □ (16)Taiwan News □ (18)台灣新生報 □ (19)China Post □ (20)馬祖日"
402,vG3m20,G3,match,,"0,1",96,,,"0,1",96,,,multiple-response binary,"G3‧請問您經常看哪幾份紙本報紙?(可多選) (卡22) 【A09答(01)者,或G1答0者,不需回答此題】 □ (01)自由時報 □ (02)聯合報 □ (03)中國時報 □ (04)經濟日報 □ (05)工商時報 □ (06)更生日報(花蓮、臺東縣) □ (07)人間福報 □ (08)大紀元時報 □ (09)中華日報(臺南市) □ (10)國語日報 □ (11)旺報 □ (12)臺灣時報(高雄市) □ (13)青年日報 □ (14)Taipei Times □ (15)電子時報 □ (16)Taiwan News □ (18)台灣新生報 □ (19)China Post □ (20)馬祖日"
403,vG3m21,G3,match,,"0,1",96,,,"0,1",96,,,multiple-response binary,"G3‧請問您經常看哪幾份紙本報紙?(可多選) (卡22) 【A09答(01)者,或G1答0者,不需回答此題】 □ (01)自由時報 □ (02)聯合報 □ (03)中國時報 □ (04)經濟日報 □ (05)工商時報 □ (06)更生日報(花蓮、臺東縣) □ (07)人間福報 □ (08)大紀元時報 □ (09)中華日報(臺南市) □ (10)國語日報 □ (11)旺報 □ (12)臺灣時報(高雄市) □ (13)青年日報 □ (14)Taipei Times □ (15)電子時報 □ (16)Taiwan News □ (18)台灣新生報 □ (19)China Post □ (20)馬祖日"
404,vG3m22,G3,match,,"0,1",96,,,"0,1",96,,,multiple-response binary,"G3‧請問您經常看哪幾份紙本報紙?(可多選) (卡22) 【A09答(01)者,或G1答0者,不需回答此題】 □ (01)自由時報 □ (02)聯合報 □ (03)中國時報 □ (04)經濟日報 □ (05)工商時報 □ (06)更生日報(花蓮、臺東縣) □ (07)人間福報 □ (08)大紀元時報 □ (09)中華日報(臺南市) □ (10)國語日報 □ (11)旺報 □ (12)臺灣時報(高雄市) □ (13)青年日報 □ (14)Taipei Times □ (15)電子時報 □ (16)Taiwan News □ (18)台灣新生報 □ (19)China Post □ (20)馬祖日"
405,vG3m23,G3,match,,"0,1",96,,,"0,1",96,,,multiple-response binary,"G3‧請問您經常看哪幾份紙本報紙?(可多選) (卡22) 【A09答(01)者,或G1答0者,不需回答此題】 □ (01)自由時報 □ (02)聯合報 □ (03)中國時報 □ (04)經濟日報 □ (05)工商時報 □ (06)更生日報(花蓮、臺東縣) □ (07)人間福報 □ (08)大紀元時報 □ (09)中華日報(臺南市) □ (10)國語日報 □ (11)旺報 □ (12)臺灣時報(高雄市) □ (13)青年日報 □ (14)Taipei Times □ (15)電子時報 □ (16)Taiwan News □ (18)台灣新生報 □ (19)China Post □ (20)馬祖日"
406,vG3m24,G3,match,,"0,1",96,,,"0,1",96,,,multiple-response binary,"G3‧請問您經常看哪幾份紙本報紙?(可多選) (卡22) 【A09答(01)者,或G1答0者,不需回答此題】 □ (01)自由時報 □ (02)聯合報 □ (03)中國時報 □ (04)經濟日報 □ (05)工商時報 □ (06)更生日報(花蓮、臺東縣) □ (07)人間福報 □ (08)大紀元時報 □ (09)中華日報(臺南市) □ (10)國語日報 □ (11)旺報 □ (12)臺灣時報(高雄市) □ (13)青年日報 □ (14)Taipei Times □ (15)電子時報 □ (16)Taiwan News □ (18)台灣新生報 □ (19)China Post □ (20)馬祖日"
407,vG3m25,G3,match,,"0,1",96,,,"0,1",96,,,multiple-response binary,"G3‧請問您經常看哪幾份紙本報紙?(可多選) (卡22) 【A09答(01)者,或G1答0者,不需回答此題】 □ (01)自由時報 □ (02)聯合報 □ (03)中國時報 □ (04)經濟日報 □ (05)工商時報 □ (06)更生日報(花蓮、臺東縣) □ (07)人間福報 □ (08)大紀元時報 □ (09)中華日報(臺南市) □ (10)國語日報 □ (11)旺報 □ (12)臺灣時報(高雄市) □ (13)青年日報 □ (14)Taipei Times □ (15)電子時報 □ (16)Taiwan News □ (18)台灣新生報 □ (19)China Post □ (20)馬祖日"
408,vG3m26,G3,match,,"0,1",96,,,"0,1",96,,,multiple-response binary,"G3‧請問您經常看哪幾份紙本報紙?(可多選) (卡22) 【A09答(01)者,或G1答0者,不需回答此題】 □ (01)自由時報 □ (02)聯合報 □ (03)中國時報 □ (04)經濟日報 □ (05)工商時報 □ (06)更生日報(花蓮、臺東縣) □ (07)人間福報 □ (08)大紀元時報 □ (09)中華日報(臺南市) □ (10)國語日報 □ (11)旺報 □ (12)臺灣時報(高雄市) □ (13)青年日報 □ (14)Taipei Times □ (15)電子時報 □ (16)Taiwan News □ (18)台灣新生報 □ (19)China Post □ (20)馬祖日"
409,vG3m27,G3,match,,"0,1",96,,,"0,1",96,,,multiple-response binary,"G3‧請問您經常看哪幾份紙本報紙?(可多選) (卡22) 【A09答(01)者,或G1答0者,不需回答此題】 □ (01)自由時報 □ (02)聯合報 □ (03)中國時報 □ (04)經濟日報 □ (05)工商時報 □ (06)更生日報(花蓮、臺東縣) □ (07)人間福報 □ (08)大紀元時報 □ (09)中華日報(臺南市) □ (10)國語日報 □ (11)旺報 □ (12)臺灣時報(高雄市) □ (13)青年日報 □ (14)Taipei Times □ (15)電子時報 □ (16)Taiwan News □ (18)台灣新生報 □ (19)China Post □ (20)馬祖日"
410,vG3m28,G3,match,,"0,1",96,,,"0,1",96,,,multiple-response binary,"G3‧請問您經常看哪幾份紙本報紙?(可多選) (卡22) 【A09答(01)者,或G1答0者,不需回答此題】 □ (01)自由時報 □ (02)聯合報 □ (03)中國時報 □ (04)經濟日報 □ (05)工商時報 □ (06)更生日報(花蓮、臺東縣) □ (07)人間福報 □ (08)大紀元時報 □ (09)中華日報(臺南市) □ (10)國語日報 □ (11)旺報 □ (12)臺灣時報(高雄市) □ (13)青年日報 □ (14)Taipei Times □ (15)電子時報 □ (16)Taiwan News □ (18)台灣新生報 □ (19)China Post □ (20)馬祖日"
411,vG3m29,G3,match,,"0,1",96,,,"0,1",96,,,multiple-response binary,"G3‧請問您經常看哪幾份紙本報紙?(可多選) (卡22) 【A09答(01)者,或G1答0者,不需回答此題】 □ (01)自由時報 □ (02)聯合報 □ (03)中國時報 □ (04)經濟日報 □ (05)工商時報 □ (06)更生日報(花蓮、臺東縣) □ (07)人間福報 □ (08)大紀元時報 □ (09)中華日報(臺南市) □ (10)國語日報 □ (11)旺報 □ (12)臺灣時報(高雄市) □ (13)青年日報 □ (14)Taipei Times □ (15)電子時報 □ (16)Taiwan News □ (18)台灣新生報 □ (19)China Post □ (20)馬祖日"
412,vG3m30,G3,match,,"0,1",96,,,"0,1",96,,,multiple-response binary,"G3‧請問您經常看哪幾份紙本報紙?(可多選) (卡22) 【A09答(01)者,或G1答0者,不需回答此題】 □ (01)自由時報 □ (02)聯合報 □ (03)中國時報 □ (04)經濟日報 □ (05)工商時報 □ (06)更生日報(花蓮、臺東縣) □ (07)人間福報 □ (08)大紀元時報 □ (09)中華日報(臺南市) □ (10)國語日報 □ (11)旺報 □ (12)臺灣時報(高雄市) □ (13)青年日報 □ (14)Taipei Times □ (15)電子時報 □ (16)Taiwan News □ (18)台灣新生報 □ (19)China Post □ (20)馬祖日"
413,vG3m31,G3,match,,"0,1",96,,,"0,1",96,,,multiple-response binary,"G3‧請問您經常看哪幾份紙本報紙?(可多選) (卡22) 【A09答(01)者,或G1答0者,不需回答此題】 □ (01)自由時報 □ (02)聯合報 □ (03)中國時報 □ (04)經濟日報 □ (05)工商時報 □ (06)更生日報(花蓮、臺東縣) □ (07)人間福報 □ (08)大紀元時報 □ (09)中華日報(臺南市) □ (10)國語日報 □ (11)旺報 □ (12)臺灣時報(高雄市) □ (13)青年日報 □ (14)Taipei Times □ (15)電子時報 □ (16)Taiwan News □ (18)台灣新生報 □ (19)China Post □ (20)馬祖日"
414,vG3m32,G3,match,,"0,1",96,,,"0,1",96,,,multiple-response binary,"G3‧請問您經常看哪幾份紙本報紙?(可多選) (卡22) 【A09答(01)者,或G1答0者,不需回答此題】 □ (01)自由時報 □ (02)聯合報 □ (03)中國時報 □ (04)經濟日報 □ (05)工商時報 □ (06)更生日報(花蓮、臺東縣) □ (07)人間福報 □ (08)大紀元時報 □ (09)中華日報(臺南市) □ (10)國語日報 □ (11)旺報 □ (12)臺灣時報(高雄市) □ (13)青年日報 □ (14)Taipei Times □ (15)電子時報 □ (16)Taiwan News □ (18)台灣新生報 □ (19)China Post □ (20)馬祖日"
415,vG3m33,G3,match,,"0,1",96,,,"0,1",96,,,multiple-response binary,"G3‧請問您經常看哪幾份紙本報紙?(可多選) (卡22) 【A09答(01)者,或G1答0者,不需回答此題】 □ (01)自由時報 □ (02)聯合報 □ (03)中國時報 □ (04)經濟日報 □ (05)工商時報 □ (06)更生日報(花蓮、臺東縣) □ (07)人間福報 □ (08)大紀元時報 □ (09)中華日報(臺南市) □ (10)國語日報 □ (11)旺報 □ (12)臺灣時報(高雄市) □ (13)青年日報 □ (14)Taipei Times □ (15)電子時報 □ (16)Taiwan News □ (18)台灣新生報 □ (19)China Post □ (20)馬祖日"
416,vG3m88,G3,match,,"0,1",96,,,"0,1",96,,,multiple-response binary,"G3‧請問您經常看哪幾份紙本報紙?(可多選) (卡22) 【A09答(01)者,或G1答0者,不需回答此題】 □ (01)自由時報 □ (02)聯合報 □ (03)中國時報 □ (04)經濟日報 □ (05)工商時報 □ (06)更生日報(花蓮、臺東縣) □ (07)人間福報 □ (08)大紀元時報 □ (09)中華日報(臺南市) □ (10)國語日報 □ (11)旺報 □ (12)臺灣時報(高雄市) □ (13)青年日報 □ (14)Taipei Times □ (15)電子時報 □ (16)Taiwan News □ (18)台灣新生報 □ (19)China Post □ (20)馬祖日"
417,vF0,F0,range_match_special_diff,r1 matches; r2-r4 differ,"1,89",97,98,90,"1,89",90,97,98,option code span including table,"F0‧請問您每個月是否會看紙本雜誌或網路雜誌?【A09答(01)者,不需回答此題】 *「紙本雜誌」是指有固定刊名、定期出版、裝訂成書的印刷讀物,例如:天下雜誌、康健雜誌、空中英語教室、ELLE她雜誌。 *「網路雜誌」是紙本雜誌的電子版本,可以在網站或APP上閱讀。 □ (01)紙本雜誌 □ (02)網路雜誌【E1答(02)、(97)、(98)者,選項互斥】 □ (89)都有看【E1答(02)、(97)、(98)者,選項互斥】 □ (90)都沒有 □ (97)不知道 □ (98)拒答"
418,vF1,F1,mismatch,existing r1-r4 differ from proposal,"0.5,31",95,97,98,95,97,98,,option code span including table,"F1‧請問您每個月平均有幾天會看紙本雜誌(網路雜誌不算)?【數值題,可輸入小數點,範圍為0.5、1、1.5、...、30、30.5、31、95、97、98】【F0答(01)或(89)者,需答此題】 *「紙本雜誌」是指有固定刊名、定期出版、裝訂成書的印刷讀物,例如:天下雜誌、康健雜誌、空中英語教室、ELLE她雜誌。 *「網路雜誌」是紙本雜誌的電子版本,可以在網站或APP上閱讀。 訪員注意: 1.本題為數值題,若為區間請取「中間值」,例如:3~4天,請填入「3.5」天。 2.如果受訪者答案無法填答時(例如:一年只看1~3天)或每個月平均看不到0.5天,請填入「95」。 ________天 □ (9"
419,vF2,F2,match,,"1,2359",9797,9898,,"1,2359",9797,9898,,explicit numeric range,"F2‧在您有看紙本雜誌(網路雜誌不算)的那一天,您一整天大概會看多久?【數值題,範圍:0001-2359、9797、9898】【F0答(01)或(89)者,需答此題】 * 請受訪者考慮一個月30或31天的話,請以發生頻率較高(天數較多)來回答一整天看的時間,不是 填看最長的時間。例如1號到20號都是3小時,21號到31號都是6小時,則頻率較高為1號到20號, 答案填入「0300」。 訪員注意: 1.本題為數值題,請填入4位數,例如2小時30分,請填入「0230」。 2.若為區間請取「中間值」,例如:2~3小時,請填入「0230」。 3.若2個小時多一點,請填入「0215」;2小時多接近3小時,"
420,vF3,F3,mismatch,existing r1-r4 differ from proposal,"0.5,31",95,97,98,95,97,98,,option code span including table,"F3‧請問您每個月平均有幾天會在網路上看雜誌?【數值題,可輸入小數點,範圍為0.5、1、1.5、...、30、30.5、31、95、97、98】【F0答(02)或(89)者,需答此題】 訪員注意: 1.本題為數值題,若為區間請取「中間值」,例如:3~4天,請填入「3.5」天。 2.如果受訪者答案無法填答時(例如:一年只看1~3天)或每個月平均看不到0.5天,請填入「95」。 ________天 □ (95)每個月平均看不到0.5天 □ (97)不知道 □ (98)拒答"
421,vF4,F4,match,,"1,2359",9797,9898,,"1,2359",9797,9898,,explicit numeric range,"F4‧在您有看網路雜誌的那一天,您一整天大概會看多久?【數值題,範圍:0001-2359、9797、9898】【F0答(02)或(89)者,需答此題】 * 請受訪者考慮一個月30或31天的話,請以發生頻率較高(天數較多)來回答一整天看的時間,不是填看最長的時間。例如1號到20號都是3小時,21號到31號都是6小時,則頻率較高為1號到20號,答案填入「0300」。 訪員注意: 1.本題為數值題,請填入4位數,例如2小時30分,請填入「0230」。 2.若為區間請取「中間值」,例如:2~3小時,請填入「0230」。 3.若2個小時多一點,請填入「0215」;2小時多接近3小時,請填入「0245」。"
422,vF5m01,F5,match,,"0,1",,,,"0,1",,,,multiple-response binary,"F5‧您看雜誌(包含紙本和網路雜誌)時,經常看下列哪幾種內容?(可多選) (卡23) 【F0答(90)、(97)、(98)者,不需回答此題】 訪員注意: 1.括號內只是舉例,若有符合括號內其中一項就可以選。 2.若有看特定雜誌但不知道要選哪類,則請在(88)其他欄位中填寫「該雜誌名稱」。 □ (01)新聞類(例如:社會新聞、頭版焦點、地方新聞、國際新聞、氣象、時事評論、政治新聞、交通資訊、大陸新聞) □ (02)生活消費類(例如:觀光旅遊、美食、消費購物、時尚流行趨勢、美妝、化妝、汽車) □ (03)綜藝娛樂(例如:影視娛樂、流行音樂歌曲、電玩、漫畫) □ (04)家庭體育醫藥(例如:醫療衛生"
423,vF5m02,F5,match,,"0,1",,,,"0,1",,,,multiple-response binary,"F5‧您看雜誌(包含紙本和網路雜誌)時,經常看下列哪幾種內容?(可多選) (卡23) 【F0答(90)、(97)、(98)者,不需回答此題】 訪員注意: 1.括號內只是舉例,若有符合括號內其中一項就可以選。 2.若有看特定雜誌但不知道要選哪類,則請在(88)其他欄位中填寫「該雜誌名稱」。 □ (01)新聞類(例如:社會新聞、頭版焦點、地方新聞、國際新聞、氣象、時事評論、政治新聞、交通資訊、大陸新聞) □ (02)生活消費類(例如:觀光旅遊、美食、消費購物、時尚流行趨勢、美妝、化妝、汽車) □ (03)綜藝娛樂(例如:影視娛樂、流行音樂歌曲、電玩、漫畫) □ (04)家庭體育醫藥(例如:醫療衛生"
424,vF5m03,F5,match,,"0,1",,,,"0,1",,,,multiple-response binary,"F5‧您看雜誌(包含紙本和網路雜誌)時,經常看下列哪幾種內容?(可多選) (卡23) 【F0答(90)、(97)、(98)者,不需回答此題】 訪員注意: 1.括號內只是舉例,若有符合括號內其中一項就可以選。 2.若有看特定雜誌但不知道要選哪類,則請在(88)其他欄位中填寫「該雜誌名稱」。 □ (01)新聞類(例如:社會新聞、頭版焦點、地方新聞、國際新聞、氣象、時事評論、政治新聞、交通資訊、大陸新聞) □ (02)生活消費類(例如:觀光旅遊、美食、消費購物、時尚流行趨勢、美妝、化妝、汽車) □ (03)綜藝娛樂(例如:影視娛樂、流行音樂歌曲、電玩、漫畫) □ (04)家庭體育醫藥(例如:醫療衛生"
425,vF5m04,F5,match,,"0,1",,,,"0,1",,,,multiple-response binary,"F5‧您看雜誌(包含紙本和網路雜誌)時,經常看下列哪幾種內容?(可多選) (卡23) 【F0答(90)、(97)、(98)者,不需回答此題】 訪員注意: 1.括號內只是舉例,若有符合括號內其中一項就可以選。 2.若有看特定雜誌但不知道要選哪類,則請在(88)其他欄位中填寫「該雜誌名稱」。 □ (01)新聞類(例如:社會新聞、頭版焦點、地方新聞、國際新聞、氣象、時事評論、政治新聞、交通資訊、大陸新聞) □ (02)生活消費類(例如:觀光旅遊、美食、消費購物、時尚流行趨勢、美妝、化妝、汽車) □ (03)綜藝娛樂(例如:影視娛樂、流行音樂歌曲、電玩、漫畫) □ (04)家庭體育醫藥(例如:醫療衛生"
426,vF5m05,F5,match,,"0,1",,,,"0,1",,,,multiple-response binary,"F5‧您看雜誌(包含紙本和網路雜誌)時,經常看下列哪幾種內容?(可多選) (卡23) 【F0答(90)、(97)、(98)者,不需回答此題】 訪員注意: 1.括號內只是舉例,若有符合括號內其中一項就可以選。 2.若有看特定雜誌但不知道要選哪類,則請在(88)其他欄位中填寫「該雜誌名稱」。 □ (01)新聞類(例如:社會新聞、頭版焦點、地方新聞、國際新聞、氣象、時事評論、政治新聞、交通資訊、大陸新聞) □ (02)生活消費類(例如:觀光旅遊、美食、消費購物、時尚流行趨勢、美妝、化妝、汽車) □ (03)綜藝娛樂(例如:影視娛樂、流行音樂歌曲、電玩、漫畫) □ (04)家庭體育醫藥(例如:醫療衛生"
427,vF5m06,F5,match,,"0,1",,,,"0,1",,,,multiple-response binary,"F5‧您看雜誌(包含紙本和網路雜誌)時,經常看下列哪幾種內容?(可多選) (卡23) 【F0答(90)、(97)、(98)者,不需回答此題】 訪員注意: 1.括號內只是舉例,若有符合括號內其中一項就可以選。 2.若有看特定雜誌但不知道要選哪類,則請在(88)其他欄位中填寫「該雜誌名稱」。 □ (01)新聞類(例如:社會新聞、頭版焦點、地方新聞、國際新聞、氣象、時事評論、政治新聞、交通資訊、大陸新聞) □ (02)生活消費類(例如:觀光旅遊、美食、消費購物、時尚流行趨勢、美妝、化妝、汽車) □ (03)綜藝娛樂(例如:影視娛樂、流行音樂歌曲、電玩、漫畫) □ (04)家庭體育醫藥(例如:醫療衛生"
428,vF5m07,F5,match,,"0,1",,,,"0,1",,,,multiple-response binary,"F5‧您看雜誌(包含紙本和網路雜誌)時,經常看下列哪幾種內容?(可多選) (卡23) 【F0答(90)、(97)、(98)者,不需回答此題】 訪員注意: 1.括號內只是舉例,若有符合括號內其中一項就可以選。 2.若有看特定雜誌但不知道要選哪類,則請在(88)其他欄位中填寫「該雜誌名稱」。 □ (01)新聞類(例如:社會新聞、頭版焦點、地方新聞、國際新聞、氣象、時事評論、政治新聞、交通資訊、大陸新聞) □ (02)生活消費類(例如:觀光旅遊、美食、消費購物、時尚流行趨勢、美妝、化妝、汽車) □ (03)綜藝娛樂(例如:影視娛樂、流行音樂歌曲、電玩、漫畫) □ (04)家庭體育醫藥(例如:醫療衛生"
429,vF5m08,F5,match,,"0,1",,,,"0,1",,,,multiple-response binary,"F5‧您看雜誌(包含紙本和網路雜誌)時,經常看下列哪幾種內容?(可多選) (卡23) 【F0答(90)、(97)、(98)者,不需回答此題】 訪員注意: 1.括號內只是舉例,若有符合括號內其中一項就可以選。 2.若有看特定雜誌但不知道要選哪類,則請在(88)其他欄位中填寫「該雜誌名稱」。 □ (01)新聞類(例如:社會新聞、頭版焦點、地方新聞、國際新聞、氣象、時事評論、政治新聞、交通資訊、大陸新聞) □ (02)生活消費類(例如:觀光旅遊、美食、消費購物、時尚流行趨勢、美妝、化妝、汽車) □ (03)綜藝娛樂(例如:影視娛樂、流行音樂歌曲、電玩、漫畫) □ (04)家庭體育醫藥(例如:醫療衛生"
430,vF5m88,F5,match,,"0,1",96,,,"0,1",96,,,multiple-response binary,"F5‧您看雜誌(包含紙本和網路雜誌)時,經常看下列哪幾種內容?(可多選) (卡23) 【F0答(90)、(97)、(98)者,不需回答此題】 訪員注意: 1.括號內只是舉例,若有符合括號內其中一項就可以選。 2.若有看特定雜誌但不知道要選哪類,則請在(88)其他欄位中填寫「該雜誌名稱」。 □ (01)新聞類(例如:社會新聞、頭版焦點、地方新聞、國際新聞、氣象、時事評論、政治新聞、交通資訊、大陸新聞) □ (02)生活消費類(例如:觀光旅遊、美食、消費購物、時尚流行趨勢、美妝、化妝、汽車) □ (03)綜藝娛樂(例如:影視娛樂、流行音樂歌曲、電玩、漫畫) □ (04)家庭體育醫藥(例如:醫療衛生"
431,vC1,C1,mismatch,existing r1-r4 differ from proposal,"0,7",95,97,98,95,97,98,,option code span including table,"C1‧請問您每週平均有幾天會聽廣播?【數值題,可輸入小數點,範圍為0、0.5、1、1.5、2、2.5、3、3.5、4、4.5、5、5.5、6、6.5、7、95、97、98】 *「聽廣播」不管專心聽或一邊做事一邊聽都算(例如:通勤、開車、工作、做家事)。 * 不論是用收音機聽、或用網站、手機APP等「同步收聽」都算。「同步收聽」是指收聽的節目無法 讓您暫停、快轉、倒退,也無法自己任意選擇想聽的片段。 * 這裡的廣播不包含Podcast(播客)。 訪員注意: 1.本題為數值題,若為區間請取「中間值」,例如:3~4天,請填入「3.5」天。 2.如果受訪者答案無法填答時(例如:一個月只聽1天)或每週平"
432,vC2,C2,match,,"1,2359",9797,9898,,"1,2359",9797,9898,,explicit numeric range,"C2‧在您有聽廣播的那一天,您一整天大概會聽多久?【數值題,範圍:0001-2359、9797、9898】【C1答0者,不需回答此題】 * 請以發生頻率較高(天數較多)來回答一整天收聽時間,不是填收聽時間最久那天的時間。例如星期一到星期四都是3小時,星期五到星期日都是6小時,則頻率較高為星期一到星期四,請填入「0300」。 訪員注意: 1.本題為數值題,請填入4位數,例如2小時30分,請填入「0230」。 2.若為區間請取「中間值」,例如:2~3小時,請填入「0230」。 3.若2個小時多一點,請填入「0215」;2小時多接近3小時,請填入「0245」。 ____________(時分4碼) "
433,vC3m01,C3,match,,"0,1",,,,"0,1",,,,multiple-response binary,"C3‧您聽廣播時經常聽或經常聽到以下哪幾種類型的節目?(可多選) (卡24)【C1答0者,不需回答此題】 訪員注意: 1.括號內只是舉例,若有符合括號內其中一項就可以選。 2.若有聽特定廣播節目但不知道要選哪類,則請在(88)其他欄位中填寫「該節目名稱」。 □ (01)新聞類(例如:社會新聞、即時新聞、氣象、交通服務、國際新聞、政治新聞) □ (02)生活消費類(例如:觀光旅遊、美食、消費購物、賣藥) □ (03)廣播劇 □ (04)綜藝娛樂(例如:流行音樂歌曲) □ (05)家庭體育醫藥(例如:醫療衛生保健、家庭生活、體育賽事轉播) □ (06)兒童節目 □ (07)文化藝術類(例如:古典音"
434,vC3m02,C3,match,,"0,1",,,,"0,1",,,,multiple-response binary,"C3‧您聽廣播時經常聽或經常聽到以下哪幾種類型的節目?(可多選) (卡24)【C1答0者,不需回答此題】 訪員注意: 1.括號內只是舉例,若有符合括號內其中一項就可以選。 2.若有聽特定廣播節目但不知道要選哪類,則請在(88)其他欄位中填寫「該節目名稱」。 □ (01)新聞類(例如:社會新聞、即時新聞、氣象、交通服務、國際新聞、政治新聞) □ (02)生活消費類(例如:觀光旅遊、美食、消費購物、賣藥) □ (03)廣播劇 □ (04)綜藝娛樂(例如:流行音樂歌曲) □ (05)家庭體育醫藥(例如:醫療衛生保健、家庭生活、體育賽事轉播) □ (06)兒童節目 □ (07)文化藝術類(例如:古典音"
435,vC3m03,C3,match,,"0,1",,,,"0,1",,,,multiple-response binary,"C3‧您聽廣播時經常聽或經常聽到以下哪幾種類型的節目?(可多選) (卡24)【C1答0者,不需回答此題】 訪員注意: 1.括號內只是舉例,若有符合括號內其中一項就可以選。 2.若有聽特定廣播節目但不知道要選哪類,則請在(88)其他欄位中填寫「該節目名稱」。 □ (01)新聞類(例如:社會新聞、即時新聞、氣象、交通服務、國際新聞、政治新聞) □ (02)生活消費類(例如:觀光旅遊、美食、消費購物、賣藥) □ (03)廣播劇 □ (04)綜藝娛樂(例如:流行音樂歌曲) □ (05)家庭體育醫藥(例如:醫療衛生保健、家庭生活、體育賽事轉播) □ (06)兒童節目 □ (07)文化藝術類(例如:古典音"
436,vC3m04,C3,match,,"0,1",,,,"0,1",,,,multiple-response binary,"C3‧您聽廣播時經常聽或經常聽到以下哪幾種類型的節目?(可多選) (卡24)【C1答0者,不需回答此題】 訪員注意: 1.括號內只是舉例,若有符合括號內其中一項就可以選。 2.若有聽特定廣播節目但不知道要選哪類,則請在(88)其他欄位中填寫「該節目名稱」。 □ (01)新聞類(例如:社會新聞、即時新聞、氣象、交通服務、國際新聞、政治新聞) □ (02)生活消費類(例如:觀光旅遊、美食、消費購物、賣藥) □ (03)廣播劇 □ (04)綜藝娛樂(例如:流行音樂歌曲) □ (05)家庭體育醫藥(例如:醫療衛生保健、家庭生活、體育賽事轉播) □ (06)兒童節目 □ (07)文化藝術類(例如:古典音"
437,vC3m05,C3,match,,"0,1",,,,"0,1",,,,multiple-response binary,"C3‧您聽廣播時經常聽或經常聽到以下哪幾種類型的節目?(可多選) (卡24)【C1答0者,不需回答此題】 訪員注意: 1.括號內只是舉例,若有符合括號內其中一項就可以選。 2.若有聽特定廣播節目但不知道要選哪類,則請在(88)其他欄位中填寫「該節目名稱」。 □ (01)新聞類(例如:社會新聞、即時新聞、氣象、交通服務、國際新聞、政治新聞) □ (02)生活消費類(例如:觀光旅遊、美食、消費購物、賣藥) □ (03)廣播劇 □ (04)綜藝娛樂(例如:流行音樂歌曲) □ (05)家庭體育醫藥(例如:醫療衛生保健、家庭生活、體育賽事轉播) □ (06)兒童節目 □ (07)文化藝術類(例如:古典音"
438,vC3m06,C3,match,,"0,1",,,,"0,1",,,,multiple-response binary,"C3‧您聽廣播時經常聽或經常聽到以下哪幾種類型的節目?(可多選) (卡24)【C1答0者,不需回答此題】 訪員注意: 1.括號內只是舉例,若有符合括號內其中一項就可以選。 2.若有聽特定廣播節目但不知道要選哪類,則請在(88)其他欄位中填寫「該節目名稱」。 □ (01)新聞類(例如:社會新聞、即時新聞、氣象、交通服務、國際新聞、政治新聞) □ (02)生活消費類(例如:觀光旅遊、美食、消費購物、賣藥) □ (03)廣播劇 □ (04)綜藝娛樂(例如:流行音樂歌曲) □ (05)家庭體育醫藥(例如:醫療衛生保健、家庭生活、體育賽事轉播) □ (06)兒童節目 □ (07)文化藝術類(例如:古典音"
439,vC3m07,C3,match,,"0,1",,,,"0,1",,,,multiple-response binary,"C3‧您聽廣播時經常聽或經常聽到以下哪幾種類型的節目?(可多選) (卡24)【C1答0者,不需回答此題】 訪員注意: 1.括號內只是舉例,若有符合括號內其中一項就可以選。 2.若有聽特定廣播節目但不知道要選哪類,則請在(88)其他欄位中填寫「該節目名稱」。 □ (01)新聞類(例如:社會新聞、即時新聞、氣象、交通服務、國際新聞、政治新聞) □ (02)生活消費類(例如:觀光旅遊、美食、消費購物、賣藥) □ (03)廣播劇 □ (04)綜藝娛樂(例如:流行音樂歌曲) □ (05)家庭體育醫藥(例如:醫療衛生保健、家庭生活、體育賽事轉播) □ (06)兒童節目 □ (07)文化藝術類(例如:古典音"
440,vC3m08,C3,match,,"0,1",,,,"0,1",,,,multiple-response binary,"C3‧您聽廣播時經常聽或經常聽到以下哪幾種類型的節目?(可多選) (卡24)【C1答0者,不需回答此題】 訪員注意: 1.括號內只是舉例,若有符合括號內其中一項就可以選。 2.若有聽特定廣播節目但不知道要選哪類,則請在(88)其他欄位中填寫「該節目名稱」。 □ (01)新聞類(例如:社會新聞、即時新聞、氣象、交通服務、國際新聞、政治新聞) □ (02)生活消費類(例如:觀光旅遊、美食、消費購物、賣藥) □ (03)廣播劇 □ (04)綜藝娛樂(例如:流行音樂歌曲) □ (05)家庭體育醫藥(例如:醫療衛生保健、家庭生活、體育賽事轉播) □ (06)兒童節目 □ (07)文化藝術類(例如:古典音"
441,vC3m09,C3,match,,"0,1",,,,"0,1",,,,multiple-response binary,"C3‧您聽廣播時經常聽或經常聽到以下哪幾種類型的節目?(可多選) (卡24)【C1答0者,不需回答此題】 訪員注意: 1.括號內只是舉例,若有符合括號內其中一項就可以選。 2.若有聽特定廣播節目但不知道要選哪類,則請在(88)其他欄位中填寫「該節目名稱」。 □ (01)新聞類(例如:社會新聞、即時新聞、氣象、交通服務、國際新聞、政治新聞) □ (02)生活消費類(例如:觀光旅遊、美食、消費購物、賣藥) □ (03)廣播劇 □ (04)綜藝娛樂(例如:流行音樂歌曲) □ (05)家庭體育醫藥(例如:醫療衛生保健、家庭生活、體育賽事轉播) □ (06)兒童節目 □ (07)文化藝術類(例如:古典音"
442,vC3m10,C3,match,,"0,1",96,,,"0,1",96,,,multiple-response binary,"C3‧您聽廣播時經常聽或經常聽到以下哪幾種類型的節目?(可多選) (卡24)【C1答0者,不需回答此題】 訪員注意: 1.括號內只是舉例,若有符合括號內其中一項就可以選。 2.若有聽特定廣播節目但不知道要選哪類,則請在(88)其他欄位中填寫「該節目名稱」。 □ (01)新聞類(例如:社會新聞、即時新聞、氣象、交通服務、國際新聞、政治新聞) □ (02)生活消費類(例如:觀光旅遊、美食、消費購物、賣藥) □ (03)廣播劇 □ (04)綜藝娛樂(例如:流行音樂歌曲) □ (05)家庭體育醫藥(例如:醫療衛生保健、家庭生活、體育賽事轉播) □ (06)兒童節目 □ (07)文化藝術類(例如:古典音"
443,vC3m11,C3,match,,"0,1",96,,,"0,1",96,,,multiple-response binary,"C3‧您聽廣播時經常聽或經常聽到以下哪幾種類型的節目?(可多選) (卡24)【C1答0者,不需回答此題】 訪員注意: 1.括號內只是舉例,若有符合括號內其中一項就可以選。 2.若有聽特定廣播節目但不知道要選哪類,則請在(88)其他欄位中填寫「該節目名稱」。 □ (01)新聞類(例如:社會新聞、即時新聞、氣象、交通服務、國際新聞、政治新聞) □ (02)生活消費類(例如:觀光旅遊、美食、消費購物、賣藥) □ (03)廣播劇 □ (04)綜藝娛樂(例如:流行音樂歌曲) □ (05)家庭體育醫藥(例如:醫療衛生保健、家庭生活、體育賽事轉播) □ (06)兒童節目 □ (07)文化藝術類(例如:古典音"
444,vC3m88,C3,match,,"0,1",96,,,"0,1",96,,,multiple-response binary,"C3‧您聽廣播時經常聽或經常聽到以下哪幾種類型的節目?(可多選) (卡24)【C1答0者,不需回答此題】 訪員注意: 1.括號內只是舉例,若有符合括號內其中一項就可以選。 2.若有聽特定廣播節目但不知道要選哪類,則請在(88)其他欄位中填寫「該節目名稱」。 □ (01)新聞類(例如:社會新聞、即時新聞、氣象、交通服務、國際新聞、政治新聞) □ (02)生活消費類(例如:觀光旅遊、美食、消費購物、賣藥) □ (03)廣播劇 □ (04)綜藝娛樂(例如:流行音樂歌曲) □ (05)家庭體育醫藥(例如:醫療衛生保健、家庭生活、體育賽事轉播) □ (06)兒童節目 □ (07)文化藝術類(例如:古典音"
445,vJ4_1,,manual,no automatic proposal,997,998,,,,,,,no numeric range found,
446,vJ4_2,,manual,no automatic proposal,1,997,998,,,,,,no numeric range found,
447,vJ4_3,,manual,no automatic proposal,997,998,,,,,,,no numeric range found,
448,vJ4_4,,manual,no automatic proposal,1,997,998,,,,,,no numeric range found,
449,vJ4_5,,manual,no automatic proposal,1,997,998,,,,,,no numeric range found,
450,vJB1m01,JB1,match,,"0,1",,,,"0,1",,,,multiple-response binary,"JB1‧請問您認為目前臺灣電視新聞節目有下列哪些不好的地方,需要解決?(可多選)(卡26) 【B5答0者,不需答此題】 訪員注意: 1.各台同質性高(一窩蜂):不同台報導同樣新聞。 2.一直重複報導相同內容:同一台重複報導一樣新聞。 □ (01)內容八卦(台語:探聽公眾人物的私生活) □ (02)內容聳動(台語:新聞節目報導內容很hum) □ (03)內容商業化(置入特定廠商的產品等訊息) □ (04)各台同質性高(一窩蜂)(台語:很多台新聞節目內容攏港款) □ (05)不夠中立 □ (06)一直重複報導相同內容(台語:同一台,攏咧報已經報過的內容) □ (07)內容不實 □ (08)負面新聞"
451,vJB1m02,JB1,match,,"0,1",,,,"0,1",,,,multiple-response binary,"JB1‧請問您認為目前臺灣電視新聞節目有下列哪些不好的地方,需要解決?(可多選)(卡26) 【B5答0者,不需答此題】 訪員注意: 1.各台同質性高(一窩蜂):不同台報導同樣新聞。 2.一直重複報導相同內容:同一台重複報導一樣新聞。 □ (01)內容八卦(台語:探聽公眾人物的私生活) □ (02)內容聳動(台語:新聞節目報導內容很hum) □ (03)內容商業化(置入特定廠商的產品等訊息) □ (04)各台同質性高(一窩蜂)(台語:很多台新聞節目內容攏港款) □ (05)不夠中立 □ (06)一直重複報導相同內容(台語:同一台,攏咧報已經報過的內容) □ (07)內容不實 □ (08)負面新聞"
452,vJB1m03,JB1,match,,"0,1",,,,"0,1",,,,multiple-response binary,"JB1‧請問您認為目前臺灣電視新聞節目有下列哪些不好的地方,需要解決?(可多選)(卡26) 【B5答0者,不需答此題】 訪員注意: 1.各台同質性高(一窩蜂):不同台報導同樣新聞。 2.一直重複報導相同內容:同一台重複報導一樣新聞。 □ (01)內容八卦(台語:探聽公眾人物的私生活) □ (02)內容聳動(台語:新聞節目報導內容很hum) □ (03)內容商業化(置入特定廠商的產品等訊息) □ (04)各台同質性高(一窩蜂)(台語:很多台新聞節目內容攏港款) □ (05)不夠中立 □ (06)一直重複報導相同內容(台語:同一台,攏咧報已經報過的內容) □ (07)內容不實 □ (08)負面新聞"
453,vJB1m04,JB1,match,,"0,1",,,,"0,1",,,,multiple-response binary,"JB1‧請問您認為目前臺灣電視新聞節目有下列哪些不好的地方,需要解決?(可多選)(卡26) 【B5答0者,不需答此題】 訪員注意: 1.各台同質性高(一窩蜂):不同台報導同樣新聞。 2.一直重複報導相同內容:同一台重複報導一樣新聞。 □ (01)內容八卦(台語:探聽公眾人物的私生活) □ (02)內容聳動(台語:新聞節目報導內容很hum) □ (03)內容商業化(置入特定廠商的產品等訊息) □ (04)各台同質性高(一窩蜂)(台語:很多台新聞節目內容攏港款) □ (05)不夠中立 □ (06)一直重複報導相同內容(台語:同一台,攏咧報已經報過的內容) □ (07)內容不實 □ (08)負面新聞"
454,vJB1m05,JB1,match,,"0,1",,,,"0,1",,,,multiple-response binary,"JB1‧請問您認為目前臺灣電視新聞節目有下列哪些不好的地方,需要解決?(可多選)(卡26) 【B5答0者,不需答此題】 訪員注意: 1.各台同質性高(一窩蜂):不同台報導同樣新聞。 2.一直重複報導相同內容:同一台重複報導一樣新聞。 □ (01)內容八卦(台語:探聽公眾人物的私生活) □ (02)內容聳動(台語:新聞節目報導內容很hum) □ (03)內容商業化(置入特定廠商的產品等訊息) □ (04)各台同質性高(一窩蜂)(台語:很多台新聞節目內容攏港款) □ (05)不夠中立 □ (06)一直重複報導相同內容(台語:同一台,攏咧報已經報過的內容) □ (07)內容不實 □ (08)負面新聞"
455,vJB1m06,JB1,match,,"0,1",,,,"0,1",,,,multiple-response binary,"JB1‧請問您認為目前臺灣電視新聞節目有下列哪些不好的地方,需要解決?(可多選)(卡26) 【B5答0者,不需答此題】 訪員注意: 1.各台同質性高(一窩蜂):不同台報導同樣新聞。 2.一直重複報導相同內容:同一台重複報導一樣新聞。 □ (01)內容八卦(台語:探聽公眾人物的私生活) □ (02)內容聳動(台語:新聞節目報導內容很hum) □ (03)內容商業化(置入特定廠商的產品等訊息) □ (04)各台同質性高(一窩蜂)(台語:很多台新聞節目內容攏港款) □ (05)不夠中立 □ (06)一直重複報導相同內容(台語:同一台,攏咧報已經報過的內容) □ (07)內容不實 □ (08)負面新聞"
456,vJB1m07,JB1,match,,"0,1",,,,"0,1",,,,multiple-response binary,"JB1‧請問您認為目前臺灣電視新聞節目有下列哪些不好的地方,需要解決?(可多選)(卡26) 【B5答0者,不需答此題】 訪員注意: 1.各台同質性高(一窩蜂):不同台報導同樣新聞。 2.一直重複報導相同內容:同一台重複報導一樣新聞。 □ (01)內容八卦(台語:探聽公眾人物的私生活) □ (02)內容聳動(台語:新聞節目報導內容很hum) □ (03)內容商業化(置入特定廠商的產品等訊息) □ (04)各台同質性高(一窩蜂)(台語:很多台新聞節目內容攏港款) □ (05)不夠中立 □ (06)一直重複報導相同內容(台語:同一台,攏咧報已經報過的內容) □ (07)內容不實 □ (08)負面新聞"
457,vJB1m08,JB1,match,,"0,1",,,,"0,1",,,,multiple-response binary,"JB1‧請問您認為目前臺灣電視新聞節目有下列哪些不好的地方,需要解決?(可多選)(卡26) 【B5答0者,不需答此題】 訪員注意: 1.各台同質性高(一窩蜂):不同台報導同樣新聞。 2.一直重複報導相同內容:同一台重複報導一樣新聞。 □ (01)內容八卦(台語:探聽公眾人物的私生活) □ (02)內容聳動(台語:新聞節目報導內容很hum) □ (03)內容商業化(置入特定廠商的產品等訊息) □ (04)各台同質性高(一窩蜂)(台語:很多台新聞節目內容攏港款) □ (05)不夠中立 □ (06)一直重複報導相同內容(台語:同一台,攏咧報已經報過的內容) □ (07)內容不實 □ (08)負面新聞"
458,vJB1m09,JB1,match,,"0,1",,,,"0,1",,,,multiple-response binary,"JB1‧請問您認為目前臺灣電視新聞節目有下列哪些不好的地方,需要解決?(可多選)(卡26) 【B5答0者,不需答此題】 訪員注意: 1.各台同質性高(一窩蜂):不同台報導同樣新聞。 2.一直重複報導相同內容:同一台重複報導一樣新聞。 □ (01)內容八卦(台語:探聽公眾人物的私生活) □ (02)內容聳動(台語:新聞節目報導內容很hum) □ (03)內容商業化(置入特定廠商的產品等訊息) □ (04)各台同質性高(一窩蜂)(台語:很多台新聞節目內容攏港款) □ (05)不夠中立 □ (06)一直重複報導相同內容(台語:同一台,攏咧報已經報過的內容) □ (07)內容不實 □ (08)負面新聞"
459,vJB1m10,JB1,match,,"0,1",96,,,"0,1",96,,,multiple-response binary,"JB1‧請問您認為目前臺灣電視新聞節目有下列哪些不好的地方,需要解決?(可多選)(卡26) 【B5答0者,不需答此題】 訪員注意: 1.各台同質性高(一窩蜂):不同台報導同樣新聞。 2.一直重複報導相同內容:同一台重複報導一樣新聞。 □ (01)內容八卦(台語:探聽公眾人物的私生活) □ (02)內容聳動(台語:新聞節目報導內容很hum) □ (03)內容商業化(置入特定廠商的產品等訊息) □ (04)各台同質性高(一窩蜂)(台語:很多台新聞節目內容攏港款) □ (05)不夠中立 □ (06)一直重複報導相同內容(台語:同一台,攏咧報已經報過的內容) □ (07)內容不實 □ (08)負面新聞"
460,vJB1m11,JB1,match,,"0,1",96,,,"0,1",96,,,multiple-response binary,"JB1‧請問您認為目前臺灣電視新聞節目有下列哪些不好的地方,需要解決?(可多選)(卡26) 【B5答0者,不需答此題】 訪員注意: 1.各台同質性高(一窩蜂):不同台報導同樣新聞。 2.一直重複報導相同內容:同一台重複報導一樣新聞。 □ (01)內容八卦(台語:探聽公眾人物的私生活) □ (02)內容聳動(台語:新聞節目報導內容很hum) □ (03)內容商業化(置入特定廠商的產品等訊息) □ (04)各台同質性高(一窩蜂)(台語:很多台新聞節目內容攏港款) □ (05)不夠中立 □ (06)一直重複報導相同內容(台語:同一台,攏咧報已經報過的內容) □ (07)內容不實 □ (08)負面新聞"
461,vJB1m88,JB1,match,,"0,1",96,,,"0,1",96,,,multiple-response binary,"JB1‧請問您認為目前臺灣電視新聞節目有下列哪些不好的地方,需要解決?(可多選)(卡26) 【B5答0者,不需答此題】 訪員注意: 1.各台同質性高(一窩蜂):不同台報導同樣新聞。 2.一直重複報導相同內容:同一台重複報導一樣新聞。 □ (01)內容八卦(台語:探聽公眾人物的私生活) □ (02)內容聳動(台語:新聞節目報導內容很hum) □ (03)內容商業化(置入特定廠商的產品等訊息) □ (04)各台同質性高(一窩蜂)(台語:很多台新聞節目內容攏港款) □ (05)不夠中立 □ (06)一直重複報導相同內容(台語:同一台,攏咧報已經報過的內容) □ (07)內容不實 □ (08)負面新聞"
462,vJB1m90,JB1,match,,"0,1",96,,,"0,1",96,,,multiple-response binary,"JB1‧請問您認為目前臺灣電視新聞節目有下列哪些不好的地方,需要解決?(可多選)(卡26) 【B5答0者,不需答此題】 訪員注意: 1.各台同質性高(一窩蜂):不同台報導同樣新聞。 2.一直重複報導相同內容:同一台重複報導一樣新聞。 □ (01)內容八卦(台語:探聽公眾人物的私生活) □ (02)內容聳動(台語:新聞節目報導內容很hum) □ (03)內容商業化(置入特定廠商的產品等訊息) □ (04)各台同質性高(一窩蜂)(台語:很多台新聞節目內容攏港款) □ (05)不夠中立 □ (06)一直重複報導相同內容(台語:同一台,攏咧報已經報過的內容) □ (07)內容不實 □ (08)負面新聞"
463,vJB2m01,JB2,match,,"0,1",,,,"0,1",,,,multiple-response binary,"JB2‧那請問您認為目前台灣網路內容有哪些不好的地方,需要解決?(可多選)(卡27)【E1答(01)者,需回答此題】 訪員注意: 網路仇恨言論:在網路上針對某些族群特徵(例如:政治立場、性取向、宗教、種族等)而提出 的仇恨或歧視言論。 2. 網軍帶風向:政府、政黨或政治人物花錢找人在網路上發表評論,達到宣傳或抹黑的目的。 3. 名嘴帶風向、網紅帶風向:名嘴或網紅試圖引導主流意見,左右選民的想法。 4. 假新聞:指有人刻意虛構、故意流傳的錯誤新聞或消息,要來誤導大眾。 □ (01)網路言論藍綠(政治)對立 □ (02)網路充滿仇恨言論(如酸民) □ (03)網軍帶風向 □ (04)名嘴帶風向 □"
464,vJB2m02,JB2,match,,"0,1",,,,"0,1",,,,multiple-response binary,"JB2‧那請問您認為目前台灣網路內容有哪些不好的地方,需要解決?(可多選)(卡27)【E1答(01)者,需回答此題】 訪員注意: 網路仇恨言論:在網路上針對某些族群特徵(例如:政治立場、性取向、宗教、種族等)而提出 的仇恨或歧視言論。 2. 網軍帶風向:政府、政黨或政治人物花錢找人在網路上發表評論,達到宣傳或抹黑的目的。 3. 名嘴帶風向、網紅帶風向:名嘴或網紅試圖引導主流意見,左右選民的想法。 4. 假新聞:指有人刻意虛構、故意流傳的錯誤新聞或消息,要來誤導大眾。 □ (01)網路言論藍綠(政治)對立 □ (02)網路充滿仇恨言論(如酸民) □ (03)網軍帶風向 □ (04)名嘴帶風向 □"
465,vJB2m03,JB2,match,,"0,1",,,,"0,1",,,,multiple-response binary,"JB2‧那請問您認為目前台灣網路內容有哪些不好的地方,需要解決?(可多選)(卡27)【E1答(01)者,需回答此題】 訪員注意: 網路仇恨言論:在網路上針對某些族群特徵(例如:政治立場、性取向、宗教、種族等)而提出 的仇恨或歧視言論。 2. 網軍帶風向:政府、政黨或政治人物花錢找人在網路上發表評論,達到宣傳或抹黑的目的。 3. 名嘴帶風向、網紅帶風向:名嘴或網紅試圖引導主流意見,左右選民的想法。 4. 假新聞:指有人刻意虛構、故意流傳的錯誤新聞或消息,要來誤導大眾。 □ (01)網路言論藍綠(政治)對立 □ (02)網路充滿仇恨言論(如酸民) □ (03)網軍帶風向 □ (04)名嘴帶風向 □"
466,vJB2m04,JB2,match,,"0,1",,,,"0,1",,,,multiple-response binary,"JB2‧那請問您認為目前台灣網路內容有哪些不好的地方,需要解決?(可多選)(卡27)【E1答(01)者,需回答此題】 訪員注意: 網路仇恨言論:在網路上針對某些族群特徵(例如:政治立場、性取向、宗教、種族等)而提出 的仇恨或歧視言論。 2. 網軍帶風向:政府、政黨或政治人物花錢找人在網路上發表評論,達到宣傳或抹黑的目的。 3. 名嘴帶風向、網紅帶風向:名嘴或網紅試圖引導主流意見,左右選民的想法。 4. 假新聞:指有人刻意虛構、故意流傳的錯誤新聞或消息,要來誤導大眾。 □ (01)網路言論藍綠(政治)對立 □ (02)網路充滿仇恨言論(如酸民) □ (03)網軍帶風向 □ (04)名嘴帶風向 □"
467,vJB2m05,JB2,match,,"0,1",,,,"0,1",,,,multiple-response binary,"JB2‧那請問您認為目前台灣網路內容有哪些不好的地方,需要解決?(可多選)(卡27)【E1答(01)者,需回答此題】 訪員注意: 網路仇恨言論:在網路上針對某些族群特徵(例如:政治立場、性取向、宗教、種族等)而提出 的仇恨或歧視言論。 2. 網軍帶風向:政府、政黨或政治人物花錢找人在網路上發表評論,達到宣傳或抹黑的目的。 3. 名嘴帶風向、網紅帶風向:名嘴或網紅試圖引導主流意見,左右選民的想法。 4. 假新聞:指有人刻意虛構、故意流傳的錯誤新聞或消息,要來誤導大眾。 □ (01)網路言論藍綠(政治)對立 □ (02)網路充滿仇恨言論(如酸民) □ (03)網軍帶風向 □ (04)名嘴帶風向 □"
468,vJB2m06,JB2,match,,"0,1",,,,"0,1",,,,multiple-response binary,"JB2‧那請問您認為目前台灣網路內容有哪些不好的地方,需要解決?(可多選)(卡27)【E1答(01)者,需回答此題】 訪員注意: 網路仇恨言論:在網路上針對某些族群特徵(例如:政治立場、性取向、宗教、種族等)而提出 的仇恨或歧視言論。 2. 網軍帶風向:政府、政黨或政治人物花錢找人在網路上發表評論,達到宣傳或抹黑的目的。 3. 名嘴帶風向、網紅帶風向:名嘴或網紅試圖引導主流意見,左右選民的想法。 4. 假新聞:指有人刻意虛構、故意流傳的錯誤新聞或消息,要來誤導大眾。 □ (01)網路言論藍綠(政治)對立 □ (02)網路充滿仇恨言論(如酸民) □ (03)網軍帶風向 □ (04)名嘴帶風向 □"
469,vJB2m07,JB2,match,,"0,1",,,,"0,1",,,,multiple-response binary,"JB2‧那請問您認為目前台灣網路內容有哪些不好的地方,需要解決?(可多選)(卡27)【E1答(01)者,需回答此題】 訪員注意: 網路仇恨言論:在網路上針對某些族群特徵(例如:政治立場、性取向、宗教、種族等)而提出 的仇恨或歧視言論。 2. 網軍帶風向:政府、政黨或政治人物花錢找人在網路上發表評論,達到宣傳或抹黑的目的。 3. 名嘴帶風向、網紅帶風向:名嘴或網紅試圖引導主流意見,左右選民的想法。 4. 假新聞:指有人刻意虛構、故意流傳的錯誤新聞或消息,要來誤導大眾。 □ (01)網路言論藍綠(政治)對立 □ (02)網路充滿仇恨言論(如酸民) □ (03)網軍帶風向 □ (04)名嘴帶風向 □"
470,vJB2m88,JB2,match,,"0,1",96,,,"0,1",96,,,multiple-response binary,"JB2‧那請問您認為目前台灣網路內容有哪些不好的地方,需要解決?(可多選)(卡27)【E1答(01)者,需回答此題】 訪員注意: 網路仇恨言論:在網路上針對某些族群特徵(例如:政治立場、性取向、宗教、種族等)而提出 的仇恨或歧視言論。 2. 網軍帶風向:政府、政黨或政治人物花錢找人在網路上發表評論,達到宣傳或抹黑的目的。 3. 名嘴帶風向、網紅帶風向:名嘴或網紅試圖引導主流意見,左右選民的想法。 4. 假新聞:指有人刻意虛構、故意流傳的錯誤新聞或消息,要來誤導大眾。 □ (01)網路言論藍綠(政治)對立 □ (02)網路充滿仇恨言論(如酸民) □ (03)網軍帶風向 □ (04)名嘴帶風向 □"
471,vJB2m90,JB2,match,,"0,1",96,,,"0,1",96,,,multiple-response binary,"JB2‧那請問您認為目前台灣網路內容有哪些不好的地方,需要解決?(可多選)(卡27)【E1答(01)者,需回答此題】 訪員注意: 網路仇恨言論:在網路上針對某些族群特徵(例如:政治立場、性取向、宗教、種族等)而提出 的仇恨或歧視言論。 2. 網軍帶風向:政府、政黨或政治人物花錢找人在網路上發表評論,達到宣傳或抹黑的目的。 3. 名嘴帶風向、網紅帶風向:名嘴或網紅試圖引導主流意見,左右選民的想法。 4. 假新聞:指有人刻意虛構、故意流傳的錯誤新聞或消息,要來誤導大眾。 □ (01)網路言論藍綠(政治)對立 □ (02)網路充滿仇恨言論(如酸民) □ (03)網軍帶風向 □ (04)名嘴帶風向 □"
472,vH1,H1,mismatch,existing r1-r4 differ from proposal,"0,990",991,997,998,991,997,998,,option code span including table,"H1‧接下來,想要請教您有關「平常與人接觸程度」的題目。 請問您平常一天會固定「面對面」接觸且認識的人有幾位? 包括互相點頭、打招呼、講話,對方與您認識才算,認識指的是彼此叫得出名字 【數值題,範圍為0-990、991、997、998】 訪員注意: 1.「平常」指的是週一至週五間「固定」會接觸到的人(例如家人、朋友、同事),若在服務業、運輸業、零售業等,每天會遇到不同客人,若沒有固定接觸到的就不算。 2.本題請填寫整數,若超過990人請鍵入「991」;如受訪者沒有固定「面對面」接觸且認識的人,請填入「0」。 ________人 □ (991)超過990人 □ (997)不知道 □ (998)拒"
473,vH2,H2,range_match_special_diff,r1 matches; r2-r4 differ,"1,5",997,998,97,"1,5",97,98,,option code span including table,"H2‧那比較接近下面哪個答案?【H1答(997)或(998)者,需回答此題】 □ (01) 0人 □ (02) 1到2人 □ (03) 3到5人 □ (04) 6到10人 □ (05) 11人以上□ (97)不知道 □ (98)拒答"
474,vH3,H3,match,,"1,5",97,98,,"1,5",97,98,,option code span including table,"H3‧那這些與您「面對面」接觸且認識的人裡面,大概有多少跟您很熟?(卡28)【H1答0者,或H2答(01)者,不需回答此題】 □ (01)幾乎全部都很熟 □ (02)大部分很熟 □ (03)大概一半熟,一半不熟 □ (04)大部分不熟 □ (05)幾乎全部都不熟□ (97)不知道 □ (98)拒答"
475,vH4,H4,mismatch,existing r1-r4 differ from proposal,"0,990",991,997,998,991,997,998,,option code span including table,"H4‧請問您平常一天會固定「透過網路」接觸且認識的人有幾位?例如在臉書(Facebook)、LINE、線上遊戲平台互相傳訊息或貼圖,叫得出名字或暱稱才算。【數值題,範圍為0-990、991、997、998】【E1答(01)者,需回答此題】 * 有互相傳訊息或貼圖才算,只在受訪者聯絡清單上但沒有互動就不算。 * 如果受訪者在LINE群組傳訊息,有回應的人才算,沒回應的人不算。 訪員注意:本題請填寫整數,若超過990人請鍵入「991」;如受訪者沒有固定「透過網路」接觸且認識的人,請填入「0」。 ________人 □ (991)超過990人 □ (997)不知道 □ (998)拒答"
476,vH5,H5,range_match_special_diff,r1 matches; r2-r4 differ,"1,5",997,998,97,"1,5",97,98,,option code span including table,"H5‧那比較接近下面哪個答案?【H4答(997)或(998)者,才需回答此題】 □ (01) 0人 □ (02) 1到2人 □ (03) 3到5人 □ (04) 6到10人 □ (05) 11人以上□ (97)不知道 □ (98)拒答"
477,vH6,H6,match,,"1,5",97,98,,"1,5",97,98,,option code span including table,"H6‧請問這些「透過網路」接觸且認識的人裡面,大概有多少跟您很熟?(卡28)【H4答0者,或H5答(01)者,不需回答此題】 □ (01)幾乎全部都很熟 □ (02)大部分很熟 □ (03)大概一半熟,一半不熟 □ (04)大部分不熟 □ (05)幾乎全部都不熟□ (97)不知道 □ (98)拒答"
478,vH7,H7,mismatch,existing r1-r4 differ from proposal,"0,990",991,997,998,991,997,998,,option code span including table,"H7_3‧您平常一天會固定面對面接觸且認識的人有【貼題H2】人,會透過網路(例如:LINE)接觸且認識的人有【貼題H5】人,請問這兩群人中您會面對面同時也會透過網路接觸且認識的人有幾位?【數值題,範圍為0-990、991、997、998】【H2未答(01)、(97)、(98),且H5未答(01)、(97)、(98)者,需答此題】 訪員注意:本題請填寫整數,若超過990人,請鍵入「991」;如受訪者沒有會面對面同時也會透過網路接觸且認識的人,請填入「0」。 ________人□ (991)超過990人 □ (997)不知道 □ (998)拒答"
479,vH7_1,,manual,no automatic proposal,"0,990",991,997,998,,,,,no numeric range found,
480,vH7_2,,manual,no automatic proposal,"0,990",991,997,998,,,,,no numeric range found,
481,vH7_3,,manual,no automatic proposal,"0,990",991,997,998,,,,,no numeric range found,
482,vCKH7,CKH7,match,,"20260615000000,20260915000000",,,,"20260615000000,20260915000000",,,,configured date range,"CKH7_3‧檢查題(顯示題) 【H7_3填答人數超過H2或H5填答人數,顯示並設定顯示時間】 【請注意】 受訪者會面對面同時也會透過網路接觸且認識的有【貼H7_3答案】人,不應超過之前答平常一天會固定面對面接觸且認識的【貼題H2】人,也不應超過透過網路接觸且認識的【貼題H5】人,請按「上一題」再確認會面對面同時也會透過網路接觸且認識的人數。"
483,vCKH7_1,,match,,"20260615000000,20260915000000",,,,"20260615000000,20260915000000",,,,configured date range,
484,vCKH7_2,,match,,"20260615000000,20260915000000",,,,"20260615000000,20260915000000",,,,configured date range,
485,vCKH7_3,,match,,"20260615000000,20260915000000",,,,"20260615000000,20260915000000",,,,configured date range,
486,vH8,H8,mismatch,existing r1-r4 differ from proposal,"0,500",991,997,998,991,997,998,,option code span including table,"H8‧請問您會經常一起討論「個人」的重要問題或分享心事(台語:講心內話)的人,有幾位?【數值題,範圍為0-500、991、997、998】 訪員注意: 1.若為區間請取「中間值」後四捨五入,例如:10~15人,填「13」人。 2.本題請填寫整數,若超過500人請鍵入「991」。 3.如受訪者沒有會一起討論「個人」的重要問題或分享心事的人,請填入「0」。 ________人□ (991)超過500人 □ (997)不知道 □ (998)拒答 M、傳播行為(電玩篇)"
487,vM1g1,M1,match,,"0,140",997,998,,"0,140",997,998,,hour-minute hour part,"M1‧請問您每星期大概會玩幾個小時的電玩遊戲(也包含手機上的小遊戲)?【數值題,小時範圍:0-140、997、998;分鐘範圍:0-59、97、98】 *「電玩遊戲」是指要用電腦、手機、平板或遊戲機才可以玩的遊戲,不論需不需要連上網路都算。 * 電玩遊戲包含手機、電腦、臉書(Facebook)、大型多人線上角色扮演遊戲及電動、掌上型遊戲機(例如:Switch)、VR虛擬實境(需配戴頭戴顯示器)、AR擴增實境(例如:寶可夢Pokemon Go!) 訪員注意: 本題為數值題,例如100小時30分,請填入「100小時30分」。 只算真正有在玩遊戲的時間;如受訪者沒有玩電玩遊戲,請各填入「0小時0分」"
488,vM1g2,M1,match,,"0,59",97,98,,"0,59",97,98,,hour-minute minute part,"M1‧請問您每星期大概會玩幾個小時的電玩遊戲(也包含手機上的小遊戲)?【數值題,小時範圍:0-140、997、998;分鐘範圍:0-59、97、98】 *「電玩遊戲」是指要用電腦、手機、平板或遊戲機才可以玩的遊戲,不論需不需要連上網路都算。 * 電玩遊戲包含手機、電腦、臉書(Facebook)、大型多人線上角色扮演遊戲及電動、掌上型遊戲機(例如:Switch)、VR虛擬實境(需配戴頭戴顯示器)、AR擴增實境(例如:寶可夢Pokemon Go!) 訪員注意: 本題為數值題,例如100小時30分,請填入「100小時30分」。 只算真正有在玩遊戲的時間;如受訪者沒有玩電玩遊戲,請各填入「0小時0分」"
489,vM2m01,M2,match,,"0,1",,,,"0,1",,,,multiple-response binary,"M2‧請問您常常在玩的遊戲類型(包含App遊戲)有哪幾種呢?(可多選)(卡29)【M1答0者,不需回答此題】 □ (01)大型線上角色扮演遊戲(MMORPG)(例如:楓之谷、超異域公主連結、魔獸世界、天堂、RO仙境傳說) □ (02)單機角色扮演遊戲(RPG)(例如:仙劍奇俠傳、軒轅劍) □ (03)射擊遊戲(例如:虹彩六號、絕地求生、APEX英雄、鬥陣特攻) □ (04)動作冒險遊戲(例如:原神、薩爾達傳說、魔物獵人、超級瑪利歐奧德賽) □ (05)格鬥遊戲(例如:快打旋風、格鬥天王) □ (06)休閒益智遊戲(例如:Candy Crush糖果傳奇、消消大作戰、Find Out尋找隱藏物品、"
490,vM2m02,M2,match,,"0,1",,,,"0,1",,,,multiple-response binary,"M2‧請問您常常在玩的遊戲類型(包含App遊戲)有哪幾種呢?(可多選)(卡29)【M1答0者,不需回答此題】 □ (01)大型線上角色扮演遊戲(MMORPG)(例如:楓之谷、超異域公主連結、魔獸世界、天堂、RO仙境傳說) □ (02)單機角色扮演遊戲(RPG)(例如:仙劍奇俠傳、軒轅劍) □ (03)射擊遊戲(例如:虹彩六號、絕地求生、APEX英雄、鬥陣特攻) □ (04)動作冒險遊戲(例如:原神、薩爾達傳說、魔物獵人、超級瑪利歐奧德賽) □ (05)格鬥遊戲(例如:快打旋風、格鬥天王) □ (06)休閒益智遊戲(例如:Candy Crush糖果傳奇、消消大作戰、Find Out尋找隱藏物品、"
491,vM2m03,M2,match,,"0,1",,,,"0,1",,,,multiple-response binary,"M2‧請問您常常在玩的遊戲類型(包含App遊戲)有哪幾種呢?(可多選)(卡29)【M1答0者,不需回答此題】 □ (01)大型線上角色扮演遊戲(MMORPG)(例如:楓之谷、超異域公主連結、魔獸世界、天堂、RO仙境傳說) □ (02)單機角色扮演遊戲(RPG)(例如:仙劍奇俠傳、軒轅劍) □ (03)射擊遊戲(例如:虹彩六號、絕地求生、APEX英雄、鬥陣特攻) □ (04)動作冒險遊戲(例如:原神、薩爾達傳說、魔物獵人、超級瑪利歐奧德賽) □ (05)格鬥遊戲(例如:快打旋風、格鬥天王) □ (06)休閒益智遊戲(例如:Candy Crush糖果傳奇、消消大作戰、Find Out尋找隱藏物品、"
492,vM2m04,M2,match,,"0,1",,,,"0,1",,,,multiple-response binary,"M2‧請問您常常在玩的遊戲類型(包含App遊戲)有哪幾種呢?(可多選)(卡29)【M1答0者,不需回答此題】 □ (01)大型線上角色扮演遊戲(MMORPG)(例如:楓之谷、超異域公主連結、魔獸世界、天堂、RO仙境傳說) □ (02)單機角色扮演遊戲(RPG)(例如:仙劍奇俠傳、軒轅劍) □ (03)射擊遊戲(例如:虹彩六號、絕地求生、APEX英雄、鬥陣特攻) □ (04)動作冒險遊戲(例如:原神、薩爾達傳說、魔物獵人、超級瑪利歐奧德賽) □ (05)格鬥遊戲(例如:快打旋風、格鬥天王) □ (06)休閒益智遊戲(例如:Candy Crush糖果傳奇、消消大作戰、Find Out尋找隱藏物品、"
493,vM2m05,M2,match,,"0,1",,,,"0,1",,,,multiple-response binary,"M2‧請問您常常在玩的遊戲類型(包含App遊戲)有哪幾種呢?(可多選)(卡29)【M1答0者,不需回答此題】 □ (01)大型線上角色扮演遊戲(MMORPG)(例如:楓之谷、超異域公主連結、魔獸世界、天堂、RO仙境傳說) □ (02)單機角色扮演遊戲(RPG)(例如:仙劍奇俠傳、軒轅劍) □ (03)射擊遊戲(例如:虹彩六號、絕地求生、APEX英雄、鬥陣特攻) □ (04)動作冒險遊戲(例如:原神、薩爾達傳說、魔物獵人、超級瑪利歐奧德賽) □ (05)格鬥遊戲(例如:快打旋風、格鬥天王) □ (06)休閒益智遊戲(例如:Candy Crush糖果傳奇、消消大作戰、Find Out尋找隱藏物品、"
494,vM2m06,M2,match,,"0,1",,,,"0,1",,,,multiple-response binary,"M2‧請問您常常在玩的遊戲類型(包含App遊戲)有哪幾種呢?(可多選)(卡29)【M1答0者,不需回答此題】 □ (01)大型線上角色扮演遊戲(MMORPG)(例如:楓之谷、超異域公主連結、魔獸世界、天堂、RO仙境傳說) □ (02)單機角色扮演遊戲(RPG)(例如:仙劍奇俠傳、軒轅劍) □ (03)射擊遊戲(例如:虹彩六號、絕地求生、APEX英雄、鬥陣特攻) □ (04)動作冒險遊戲(例如:原神、薩爾達傳說、魔物獵人、超級瑪利歐奧德賽) □ (05)格鬥遊戲(例如:快打旋風、格鬥天王) □ (06)休閒益智遊戲(例如:Candy Crush糖果傳奇、消消大作戰、Find Out尋找隱藏物品、"
495,vM2m07,M2,match,,"0,1",,,,"0,1",,,,multiple-response binary,"M2‧請問您常常在玩的遊戲類型(包含App遊戲)有哪幾種呢?(可多選)(卡29)【M1答0者,不需回答此題】 □ (01)大型線上角色扮演遊戲(MMORPG)(例如:楓之谷、超異域公主連結、魔獸世界、天堂、RO仙境傳說) □ (02)單機角色扮演遊戲(RPG)(例如:仙劍奇俠傳、軒轅劍) □ (03)射擊遊戲(例如:虹彩六號、絕地求生、APEX英雄、鬥陣特攻) □ (04)動作冒險遊戲(例如:原神、薩爾達傳說、魔物獵人、超級瑪利歐奧德賽) □ (05)格鬥遊戲(例如:快打旋風、格鬥天王) □ (06)休閒益智遊戲(例如:Candy Crush糖果傳奇、消消大作戰、Find Out尋找隱藏物品、"
496,vM2m08,M2,match,,"0,1",,,,"0,1",,,,multiple-response binary,"M2‧請問您常常在玩的遊戲類型(包含App遊戲)有哪幾種呢?(可多選)(卡29)【M1答0者,不需回答此題】 □ (01)大型線上角色扮演遊戲(MMORPG)(例如:楓之谷、超異域公主連結、魔獸世界、天堂、RO仙境傳說) □ (02)單機角色扮演遊戲(RPG)(例如:仙劍奇俠傳、軒轅劍) □ (03)射擊遊戲(例如:虹彩六號、絕地求生、APEX英雄、鬥陣特攻) □ (04)動作冒險遊戲(例如:原神、薩爾達傳說、魔物獵人、超級瑪利歐奧德賽) □ (05)格鬥遊戲(例如:快打旋風、格鬥天王) □ (06)休閒益智遊戲(例如:Candy Crush糖果傳奇、消消大作戰、Find Out尋找隱藏物品、"
497,vM2m09,M2,match,,"0,1",,,,"0,1",,,,multiple-response binary,"M2‧請問您常常在玩的遊戲類型(包含App遊戲)有哪幾種呢?(可多選)(卡29)【M1答0者,不需回答此題】 □ (01)大型線上角色扮演遊戲(MMORPG)(例如:楓之谷、超異域公主連結、魔獸世界、天堂、RO仙境傳說) □ (02)單機角色扮演遊戲(RPG)(例如:仙劍奇俠傳、軒轅劍) □ (03)射擊遊戲(例如:虹彩六號、絕地求生、APEX英雄、鬥陣特攻) □ (04)動作冒險遊戲(例如:原神、薩爾達傳說、魔物獵人、超級瑪利歐奧德賽) □ (05)格鬥遊戲(例如:快打旋風、格鬥天王) □ (06)休閒益智遊戲(例如:Candy Crush糖果傳奇、消消大作戰、Find Out尋找隱藏物品、"
498,vM2m10,M2,match,,"0,1",96,,,"0,1",96,,,multiple-response binary,"M2‧請問您常常在玩的遊戲類型(包含App遊戲)有哪幾種呢?(可多選)(卡29)【M1答0者,不需回答此題】 □ (01)大型線上角色扮演遊戲(MMORPG)(例如:楓之谷、超異域公主連結、魔獸世界、天堂、RO仙境傳說) □ (02)單機角色扮演遊戲(RPG)(例如:仙劍奇俠傳、軒轅劍) □ (03)射擊遊戲(例如:虹彩六號、絕地求生、APEX英雄、鬥陣特攻) □ (04)動作冒險遊戲(例如:原神、薩爾達傳說、魔物獵人、超級瑪利歐奧德賽) □ (05)格鬥遊戲(例如:快打旋風、格鬥天王) □ (06)休閒益智遊戲(例如:Candy Crush糖果傳奇、消消大作戰、Find Out尋找隱藏物品、"
499,vM2m11,M2,match,,"0,1",96,,,"0,1",96,,,multiple-response binary,"M2‧請問您常常在玩的遊戲類型(包含App遊戲)有哪幾種呢?(可多選)(卡29)【M1答0者,不需回答此題】 □ (01)大型線上角色扮演遊戲(MMORPG)(例如:楓之谷、超異域公主連結、魔獸世界、天堂、RO仙境傳說) □ (02)單機角色扮演遊戲(RPG)(例如:仙劍奇俠傳、軒轅劍) □ (03)射擊遊戲(例如:虹彩六號、絕地求生、APEX英雄、鬥陣特攻) □ (04)動作冒險遊戲(例如:原神、薩爾達傳說、魔物獵人、超級瑪利歐奧德賽) □ (05)格鬥遊戲(例如:快打旋風、格鬥天王) □ (06)休閒益智遊戲(例如:Candy Crush糖果傳奇、消消大作戰、Find Out尋找隱藏物品、"
500,vM2m12,M2,match,,"0,1",96,,,"0,1",96,,,multiple-response binary,"M2‧請問您常常在玩的遊戲類型(包含App遊戲)有哪幾種呢?(可多選)(卡29)【M1答0者,不需回答此題】 □ (01)大型線上角色扮演遊戲(MMORPG)(例如:楓之谷、超異域公主連結、魔獸世界、天堂、RO仙境傳說) □ (02)單機角色扮演遊戲(RPG)(例如:仙劍奇俠傳、軒轅劍) □ (03)射擊遊戲(例如:虹彩六號、絕地求生、APEX英雄、鬥陣特攻) □ (04)動作冒險遊戲(例如:原神、薩爾達傳說、魔物獵人、超級瑪利歐奧德賽) □ (05)格鬥遊戲(例如:快打旋風、格鬥天王) □ (06)休閒益智遊戲(例如:Candy Crush糖果傳奇、消消大作戰、Find Out尋找隱藏物品、"
501,vM2m13,M2,match,,"0,1",96,,,"0,1",96,,,multiple-response binary,"M2‧請問您常常在玩的遊戲類型(包含App遊戲)有哪幾種呢?(可多選)(卡29)【M1答0者,不需回答此題】 □ (01)大型線上角色扮演遊戲(MMORPG)(例如:楓之谷、超異域公主連結、魔獸世界、天堂、RO仙境傳說) □ (02)單機角色扮演遊戲(RPG)(例如:仙劍奇俠傳、軒轅劍) □ (03)射擊遊戲(例如:虹彩六號、絕地求生、APEX英雄、鬥陣特攻) □ (04)動作冒險遊戲(例如:原神、薩爾達傳說、魔物獵人、超級瑪利歐奧德賽) □ (05)格鬥遊戲(例如:快打旋風、格鬥天王) □ (06)休閒益智遊戲(例如:Candy Crush糖果傳奇、消消大作戰、Find Out尋找隱藏物品、"
502,vM2m14,M2,match,,"0,1",96,,,"0,1",96,,,multiple-response binary,"M2‧請問您常常在玩的遊戲類型(包含App遊戲)有哪幾種呢?(可多選)(卡29)【M1答0者,不需回答此題】 □ (01)大型線上角色扮演遊戲(MMORPG)(例如:楓之谷、超異域公主連結、魔獸世界、天堂、RO仙境傳說) □ (02)單機角色扮演遊戲(RPG)(例如:仙劍奇俠傳、軒轅劍) □ (03)射擊遊戲(例如:虹彩六號、絕地求生、APEX英雄、鬥陣特攻) □ (04)動作冒險遊戲(例如:原神、薩爾達傳說、魔物獵人、超級瑪利歐奧德賽) □ (05)格鬥遊戲(例如:快打旋風、格鬥天王) □ (06)休閒益智遊戲(例如:Candy Crush糖果傳奇、消消大作戰、Find Out尋找隱藏物品、"
503,vM2m15,M2,match,,"0,1",96,,,"0,1",96,,,multiple-response binary,"M2‧請問您常常在玩的遊戲類型(包含App遊戲)有哪幾種呢?(可多選)(卡29)【M1答0者,不需回答此題】 □ (01)大型線上角色扮演遊戲(MMORPG)(例如:楓之谷、超異域公主連結、魔獸世界、天堂、RO仙境傳說) □ (02)單機角色扮演遊戲(RPG)(例如:仙劍奇俠傳、軒轅劍) □ (03)射擊遊戲(例如:虹彩六號、絕地求生、APEX英雄、鬥陣特攻) □ (04)動作冒險遊戲(例如:原神、薩爾達傳說、魔物獵人、超級瑪利歐奧德賽) □ (05)格鬥遊戲(例如:快打旋風、格鬥天王) □ (06)休閒益智遊戲(例如:Candy Crush糖果傳奇、消消大作戰、Find Out尋找隱藏物品、"
504,vM2m16,M2,match,,"0,1",96,,,"0,1",96,,,multiple-response binary,"M2‧請問您常常在玩的遊戲類型(包含App遊戲)有哪幾種呢?(可多選)(卡29)【M1答0者,不需回答此題】 □ (01)大型線上角色扮演遊戲(MMORPG)(例如:楓之谷、超異域公主連結、魔獸世界、天堂、RO仙境傳說) □ (02)單機角色扮演遊戲(RPG)(例如:仙劍奇俠傳、軒轅劍) □ (03)射擊遊戲(例如:虹彩六號、絕地求生、APEX英雄、鬥陣特攻) □ (04)動作冒險遊戲(例如:原神、薩爾達傳說、魔物獵人、超級瑪利歐奧德賽) □ (05)格鬥遊戲(例如:快打旋風、格鬥天王) □ (06)休閒益智遊戲(例如:Candy Crush糖果傳奇、消消大作戰、Find Out尋找隱藏物品、"
505,vM2m88,M2,match,,"0,1",96,,,"0,1",96,,,multiple-response binary,"M2‧請問您常常在玩的遊戲類型(包含App遊戲)有哪幾種呢?(可多選)(卡29)【M1答0者,不需回答此題】 □ (01)大型線上角色扮演遊戲(MMORPG)(例如:楓之谷、超異域公主連結、魔獸世界、天堂、RO仙境傳說) □ (02)單機角色扮演遊戲(RPG)(例如:仙劍奇俠傳、軒轅劍) □ (03)射擊遊戲(例如:虹彩六號、絕地求生、APEX英雄、鬥陣特攻) □ (04)動作冒險遊戲(例如:原神、薩爾達傳說、魔物獵人、超級瑪利歐奧德賽) □ (05)格鬥遊戲(例如:快打旋風、格鬥天王) □ (06)休閒益智遊戲(例如:Candy Crush糖果傳奇、消消大作戰、Find Out尋找隱藏物品、"
506,vM3m01,M3,match,,"0,1",,,,"0,1",,,,multiple-response binary,"M3‧請問您玩電玩遊戲的主要原因或動機是什麼呢?(可多選)【訪員讀題完畢後,請將平板轉給受訪者選擇,並由訪員協助點選】【不顯示選項編號,選項(01)-(13)隨機出現】【M1答0者,不需回答此題】 □ (01)享受和別人競爭的感覺(例如:想挑戰他人、挑釁他人、贏過他人) □ (02)發現新的事物(例如:探索世界、獲得知識、了解未知事物) □ (03)讓我扮演其他角色(例如:設計不同故事情節、扮演不同歷史角色、設定不同角色、 進入幻想世界) □ (04)逃避事情(例如:忘記煩惱、逃避日常生活) □ (05)讓我跟朋友互動(例如:聊天、幫助他人、交朋友) □ (06)讓我增進遊戲表現(例如:加快遊"
507,vM3m02,M3,match,,"0,1",,,,"0,1",,,,multiple-response binary,"M3‧請問您玩電玩遊戲的主要原因或動機是什麼呢?(可多選)【訪員讀題完畢後,請將平板轉給受訪者選擇,並由訪員協助點選】【不顯示選項編號,選項(01)-(13)隨機出現】【M1答0者,不需回答此題】 □ (01)享受和別人競爭的感覺(例如:想挑戰他人、挑釁他人、贏過他人) □ (02)發現新的事物(例如:探索世界、獲得知識、了解未知事物) □ (03)讓我扮演其他角色(例如:設計不同故事情節、扮演不同歷史角色、設定不同角色、 進入幻想世界) □ (04)逃避事情(例如:忘記煩惱、逃避日常生活) □ (05)讓我跟朋友互動(例如:聊天、幫助他人、交朋友) □ (06)讓我增進遊戲表現(例如:加快遊"
508,vM3m03,M3,match,,"0,1",,,,"0,1",,,,multiple-response binary,"M3‧請問您玩電玩遊戲的主要原因或動機是什麼呢?(可多選)【訪員讀題完畢後,請將平板轉給受訪者選擇,並由訪員協助點選】【不顯示選項編號,選項(01)-(13)隨機出現】【M1答0者,不需回答此題】 □ (01)享受和別人競爭的感覺(例如:想挑戰他人、挑釁他人、贏過他人) □ (02)發現新的事物(例如:探索世界、獲得知識、了解未知事物) □ (03)讓我扮演其他角色(例如:設計不同故事情節、扮演不同歷史角色、設定不同角色、 進入幻想世界) □ (04)逃避事情(例如:忘記煩惱、逃避日常生活) □ (05)讓我跟朋友互動(例如:聊天、幫助他人、交朋友) □ (06)讓我增進遊戲表現(例如:加快遊"
509,vM3m04,M3,match,,"0,1",,,,"0,1",,,,multiple-response binary,"M3‧請問您玩電玩遊戲的主要原因或動機是什麼呢?(可多選)【訪員讀題完畢後,請將平板轉給受訪者選擇,並由訪員協助點選】【不顯示選項編號,選項(01)-(13)隨機出現】【M1答0者,不需回答此題】 □ (01)享受和別人競爭的感覺(例如:想挑戰他人、挑釁他人、贏過他人) □ (02)發現新的事物(例如:探索世界、獲得知識、了解未知事物) □ (03)讓我扮演其他角色(例如:設計不同故事情節、扮演不同歷史角色、設定不同角色、 進入幻想世界) □ (04)逃避事情(例如:忘記煩惱、逃避日常生活) □ (05)讓我跟朋友互動(例如:聊天、幫助他人、交朋友) □ (06)讓我增進遊戲表現(例如:加快遊"
510,vM3m05,M3,match,,"0,1",,,,"0,1",,,,multiple-response binary,"M3‧請問您玩電玩遊戲的主要原因或動機是什麼呢?(可多選)【訪員讀題完畢後,請將平板轉給受訪者選擇,並由訪員協助點選】【不顯示選項編號,選項(01)-(13)隨機出現】【M1答0者,不需回答此題】 □ (01)享受和別人競爭的感覺(例如:想挑戰他人、挑釁他人、贏過他人) □ (02)發現新的事物(例如:探索世界、獲得知識、了解未知事物) □ (03)讓我扮演其他角色(例如:設計不同故事情節、扮演不同歷史角色、設定不同角色、 進入幻想世界) □ (04)逃避事情(例如:忘記煩惱、逃避日常生活) □ (05)讓我跟朋友互動(例如:聊天、幫助他人、交朋友) □ (06)讓我增進遊戲表現(例如:加快遊"
511,vM3m06,M3,match,,"0,1",,,,"0,1",,,,multiple-response binary,"M3‧請問您玩電玩遊戲的主要原因或動機是什麼呢?(可多選)【訪員讀題完畢後,請將平板轉給受訪者選擇,並由訪員協助點選】【不顯示選項編號,選項(01)-(13)隨機出現】【M1答0者,不需回答此題】 □ (01)享受和別人競爭的感覺(例如:想挑戰他人、挑釁他人、贏過他人) □ (02)發現新的事物(例如:探索世界、獲得知識、了解未知事物) □ (03)讓我扮演其他角色(例如:設計不同故事情節、扮演不同歷史角色、設定不同角色、 進入幻想世界) □ (04)逃避事情(例如:忘記煩惱、逃避日常生活) □ (05)讓我跟朋友互動(例如:聊天、幫助他人、交朋友) □ (06)讓我增進遊戲表現(例如:加快遊"
512,vM3m07,M3,match,,"0,1",,,,"0,1",,,,multiple-response binary,"M3‧請問您玩電玩遊戲的主要原因或動機是什麼呢?(可多選)【訪員讀題完畢後,請將平板轉給受訪者選擇,並由訪員協助點選】【不顯示選項編號,選項(01)-(13)隨機出現】【M1答0者,不需回答此題】 □ (01)享受和別人競爭的感覺(例如:想挑戰他人、挑釁他人、贏過他人) □ (02)發現新的事物(例如:探索世界、獲得知識、了解未知事物) □ (03)讓我扮演其他角色(例如:設計不同故事情節、扮演不同歷史角色、設定不同角色、 進入幻想世界) □ (04)逃避事情(例如:忘記煩惱、逃避日常生活) □ (05)讓我跟朋友互動(例如:聊天、幫助他人、交朋友) □ (06)讓我增進遊戲表現(例如:加快遊"
513,vM3m08,M3,match,,"0,1",,,,"0,1",,,,multiple-response binary,"M3‧請問您玩電玩遊戲的主要原因或動機是什麼呢?(可多選)【訪員讀題完畢後,請將平板轉給受訪者選擇,並由訪員協助點選】【不顯示選項編號,選項(01)-(13)隨機出現】【M1答0者,不需回答此題】 □ (01)享受和別人競爭的感覺(例如:想挑戰他人、挑釁他人、贏過他人) □ (02)發現新的事物(例如:探索世界、獲得知識、了解未知事物) □ (03)讓我扮演其他角色(例如:設計不同故事情節、扮演不同歷史角色、設定不同角色、 進入幻想世界) □ (04)逃避事情(例如:忘記煩惱、逃避日常生活) □ (05)讓我跟朋友互動(例如:聊天、幫助他人、交朋友) □ (06)讓我增進遊戲表現(例如:加快遊"
514,vM3m09,M3,match,,"0,1",,,,"0,1",,,,multiple-response binary,"M3‧請問您玩電玩遊戲的主要原因或動機是什麼呢?(可多選)【訪員讀題完畢後,請將平板轉給受訪者選擇,並由訪員協助點選】【不顯示選項編號,選項(01)-(13)隨機出現】【M1答0者,不需回答此題】 □ (01)享受和別人競爭的感覺(例如:想挑戰他人、挑釁他人、贏過他人) □ (02)發現新的事物(例如:探索世界、獲得知識、了解未知事物) □ (03)讓我扮演其他角色(例如:設計不同故事情節、扮演不同歷史角色、設定不同角色、 進入幻想世界) □ (04)逃避事情(例如:忘記煩惱、逃避日常生活) □ (05)讓我跟朋友互動(例如:聊天、幫助他人、交朋友) □ (06)讓我增進遊戲表現(例如:加快遊"
515,vM3m10,M3,match,,"0,1",96,,,"0,1",96,,,multiple-response binary,"M3‧請問您玩電玩遊戲的主要原因或動機是什麼呢?(可多選)【訪員讀題完畢後,請將平板轉給受訪者選擇,並由訪員協助點選】【不顯示選項編號,選項(01)-(13)隨機出現】【M1答0者,不需回答此題】 □ (01)享受和別人競爭的感覺(例如:想挑戰他人、挑釁他人、贏過他人) □ (02)發現新的事物(例如:探索世界、獲得知識、了解未知事物) □ (03)讓我扮演其他角色(例如:設計不同故事情節、扮演不同歷史角色、設定不同角色、 進入幻想世界) □ (04)逃避事情(例如:忘記煩惱、逃避日常生活) □ (05)讓我跟朋友互動(例如:聊天、幫助他人、交朋友) □ (06)讓我增進遊戲表現(例如:加快遊"
516,vM3m11,M3,match,,"0,1",96,,,"0,1",96,,,multiple-response binary,"M3‧請問您玩電玩遊戲的主要原因或動機是什麼呢?(可多選)【訪員讀題完畢後,請將平板轉給受訪者選擇,並由訪員協助點選】【不顯示選項編號,選項(01)-(13)隨機出現】【M1答0者,不需回答此題】 □ (01)享受和別人競爭的感覺(例如:想挑戰他人、挑釁他人、贏過他人) □ (02)發現新的事物(例如:探索世界、獲得知識、了解未知事物) □ (03)讓我扮演其他角色(例如:設計不同故事情節、扮演不同歷史角色、設定不同角色、 進入幻想世界) □ (04)逃避事情(例如:忘記煩惱、逃避日常生活) □ (05)讓我跟朋友互動(例如:聊天、幫助他人、交朋友) □ (06)讓我增進遊戲表現(例如:加快遊"
517,vM3m12,M3,match,,"0,1",96,,,"0,1",96,,,multiple-response binary,"M3‧請問您玩電玩遊戲的主要原因或動機是什麼呢?(可多選)【訪員讀題完畢後,請將平板轉給受訪者選擇,並由訪員協助點選】【不顯示選項編號,選項(01)-(13)隨機出現】【M1答0者,不需回答此題】 □ (01)享受和別人競爭的感覺(例如:想挑戰他人、挑釁他人、贏過他人) □ (02)發現新的事物(例如:探索世界、獲得知識、了解未知事物) □ (03)讓我扮演其他角色(例如:設計不同故事情節、扮演不同歷史角色、設定不同角色、 進入幻想世界) □ (04)逃避事情(例如:忘記煩惱、逃避日常生活) □ (05)讓我跟朋友互動(例如:聊天、幫助他人、交朋友) □ (06)讓我增進遊戲表現(例如:加快遊"
518,vM3m13,M3,match,,"0,1",96,,,"0,1",96,,,multiple-response binary,"M3‧請問您玩電玩遊戲的主要原因或動機是什麼呢?(可多選)【訪員讀題完畢後,請將平板轉給受訪者選擇,並由訪員協助點選】【不顯示選項編號,選項(01)-(13)隨機出現】【M1答0者,不需回答此題】 □ (01)享受和別人競爭的感覺(例如:想挑戰他人、挑釁他人、贏過他人) □ (02)發現新的事物(例如:探索世界、獲得知識、了解未知事物) □ (03)讓我扮演其他角色(例如:設計不同故事情節、扮演不同歷史角色、設定不同角色、 進入幻想世界) □ (04)逃避事情(例如:忘記煩惱、逃避日常生活) □ (05)讓我跟朋友互動(例如:聊天、幫助他人、交朋友) □ (06)讓我增進遊戲表現(例如:加快遊"
519,vM3m88,M3,match,,"0,1",96,,,"0,1",96,,,multiple-response binary,"M3‧請問您玩電玩遊戲的主要原因或動機是什麼呢?(可多選)【訪員讀題完畢後,請將平板轉給受訪者選擇,並由訪員協助點選】【不顯示選項編號,選項(01)-(13)隨機出現】【M1答0者,不需回答此題】 □ (01)享受和別人競爭的感覺(例如:想挑戰他人、挑釁他人、贏過他人) □ (02)發現新的事物(例如:探索世界、獲得知識、了解未知事物) □ (03)讓我扮演其他角色(例如:設計不同故事情節、扮演不同歷史角色、設定不同角色、 進入幻想世界) □ (04)逃避事情(例如:忘記煩惱、逃避日常生活) □ (05)讓我跟朋友互動(例如:聊天、幫助他人、交朋友) □ (06)讓我增進遊戲表現(例如:加快遊"
520,vM4sM4,,match,,"0,1",96,,,"0,1",96,,,multiple-response binary,
521,vM4sM5,,match,,"0,1",96,,,"0,1",96,,,multiple-response binary,
522,vM4sM6,,match,,"0,1",96,,,"0,1",96,,,multiple-response binary,
523,vN1sN1,N1,apply,,,,,,"1,4",97,98,,option code span including table,"N1‧接下來我會用一些句子描述人,您覺得這些描述跟現在的您像不像?(卡31)【N1至N10請用群組題方式排版】 很不 | 像您 有點 | 不像您 有點 | 像您 很像您 (97) | 不知道 (98) | 拒答 N1 重視新點子和創造力,用自己的方式做事 1□ 2□ 3□ 4□ 97□ 98□ N2 重視財富,想要擁有許多錢和昂貴的東西 1□ 2□ 3□ 4□ 97□ 98□ N3 重視居住安全,避免任何可能的危險 1□ 2□ 3□ 4□ 97□ 98□ N4 重視追求快樂,寵愛自己 1□ 2□ 3□ 4□ 97□ 98□ N5 會幫助周圍的人,且在意他們過得好不好 1□ 2□ 3□ 4□"
524,vN1sN2,N2,apply,,,,,,"1,4",97,98,,option code span including table,"N1‧接下來我會用一些句子描述人,您覺得這些描述跟現在的您像不像?(卡31)【N1至N10請用群組題方式排版】 很不 | 像您 有點 | 不像您 有點 | 像您 很像您 (97) | 不知道 (98) | 拒答 N1 重視新點子和創造力,用自己的方式做事 1□ 2□ 3□ 4□ 97□ 98□ N2 重視財富,想要擁有許多錢和昂貴的東西 1□ 2□ 3□ 4□ 97□ 98□ N3 重視居住安全,避免任何可能的危險 1□ 2□ 3□ 4□ 97□ 98□ N4 重視追求快樂,寵愛自己 1□ 2□ 3□ 4□ 97□ 98□ N5 會幫助周圍的人,且在意他們過得好不好 1□ 2□ 3□ 4□"
525,vN1sN3,N3,apply,,,,,,"1,4",97,98,,option code span including table,"N1‧接下來我會用一些句子描述人,您覺得這些描述跟現在的您像不像?(卡31)【N1至N10請用群組題方式排版】 很不 | 像您 有點 | 不像您 有點 | 像您 很像您 (97) | 不知道 (98) | 拒答 N1 重視新點子和創造力,用自己的方式做事 1□ 2□ 3□ 4□ 97□ 98□ N2 重視財富,想要擁有許多錢和昂貴的東西 1□ 2□ 3□ 4□ 97□ 98□ N3 重視居住安全,避免任何可能的危險 1□ 2□ 3□ 4□ 97□ 98□ N4 重視追求快樂,寵愛自己 1□ 2□ 3□ 4□ 97□ 98□ N5 會幫助周圍的人,且在意他們過得好不好 1□ 2□ 3□ 4□"
526,vN1sN4,N4,apply,,,,,,"1,4",97,98,,option code span including table,"N1‧接下來我會用一些句子描述人,您覺得這些描述跟現在的您像不像?(卡31)【N1至N10請用群組題方式排版】 很不 | 像您 有點 | 不像您 有點 | 像您 很像您 (97) | 不知道 (98) | 拒答 N1 重視新點子和創造力,用自己的方式做事 1□ 2□ 3□ 4□ 97□ 98□ N2 重視財富,想要擁有許多錢和昂貴的東西 1□ 2□ 3□ 4□ 97□ 98□ N3 重視居住安全,避免任何可能的危險 1□ 2□ 3□ 4□ 97□ 98□ N4 重視追求快樂,寵愛自己 1□ 2□ 3□ 4□ 97□ 98□ N5 會幫助周圍的人,且在意他們過得好不好 1□ 2□ 3□ 4□"
527,vN1sN5,N5,apply,,,,,,"1,4",97,98,,option code span including table,"N1‧接下來我會用一些句子描述人,您覺得這些描述跟現在的您像不像?(卡31)【N1至N10請用群組題方式排版】 很不 | 像您 有點 | 不像您 有點 | 像您 很像您 (97) | 不知道 (98) | 拒答 N1 重視新點子和創造力,用自己的方式做事 1□ 2□ 3□ 4□ 97□ 98□ N2 重視財富,想要擁有許多錢和昂貴的東西 1□ 2□ 3□ 4□ 97□ 98□ N3 重視居住安全,避免任何可能的危險 1□ 2□ 3□ 4□ 97□ 98□ N4 重視追求快樂,寵愛自己 1□ 2□ 3□ 4□ 97□ 98□ N5 會幫助周圍的人,且在意他們過得好不好 1□ 2□ 3□ 4□"
528,vN6sN6,N6,apply,,,,,,"1,4",97,98,,option code span including table,"N1‧接下來我會用一些句子描述人,您覺得這些描述跟現在的您像不像?(卡31)【N1至N10請用群組題方式排版】 很不 | 像您 有點 | 不像您 有點 | 像您 很像您 (97) | 不知道 (98) | 拒答 N1 重視新點子和創造力,用自己的方式做事 1□ 2□ 3□ 4□ 97□ 98□ N2 重視財富,想要擁有許多錢和昂貴的東西 1□ 2□ 3□ 4□ 97□ 98□ N3 重視居住安全,避免任何可能的危險 1□ 2□ 3□ 4□ 97□ 98□ N4 重視追求快樂,寵愛自己 1□ 2□ 3□ 4□ 97□ 98□ N5 會幫助周圍的人,且在意他們過得好不好 1□ 2□ 3□ 4□"
529,vN6sN7,N7,apply,,,,,,"1,4",97,98,,option code span including table,"N1‧接下來我會用一些句子描述人,您覺得這些描述跟現在的您像不像?(卡31)【N1至N10請用群組題方式排版】 很不 | 像您 有點 | 不像您 有點 | 像您 很像您 (97) | 不知道 (98) | 拒答 N1 重視新點子和創造力,用自己的方式做事 1□ 2□ 3□ 4□ 97□ 98□ N2 重視財富,想要擁有許多錢和昂貴的東西 1□ 2□ 3□ 4□ 97□ 98□ N3 重視居住安全,避免任何可能的危險 1□ 2□ 3□ 4□ 97□ 98□ N4 重視追求快樂,寵愛自己 1□ 2□ 3□ 4□ 97□ 98□ N5 會幫助周圍的人,且在意他們過得好不好 1□ 2□ 3□ 4□"
530,vN6sN8,N8,apply,,,,,,"1,4",97,98,,option code span including table,"N1‧接下來我會用一些句子描述人,您覺得這些描述跟現在的您像不像?(卡31)【N1至N10請用群組題方式排版】 很不 | 像您 有點 | 不像您 有點 | 像您 很像您 (97) | 不知道 (98) | 拒答 N1 重視新點子和創造力,用自己的方式做事 1□ 2□ 3□ 4□ 97□ 98□ N2 重視財富,想要擁有許多錢和昂貴的東西 1□ 2□ 3□ 4□ 97□ 98□ N3 重視居住安全,避免任何可能的危險 1□ 2□ 3□ 4□ 97□ 98□ N4 重視追求快樂,寵愛自己 1□ 2□ 3□ 4□ 97□ 98□ N5 會幫助周圍的人,且在意他們過得好不好 1□ 2□ 3□ 4□"
531,vN6sN9,N9,apply,,,,,,"1,4",97,98,,option code span including table,"N1‧接下來我會用一些句子描述人,您覺得這些描述跟現在的您像不像?(卡31)【N1至N10請用群組題方式排版】 很不 | 像您 有點 | 不像您 有點 | 像您 很像您 (97) | 不知道 (98) | 拒答 N1 重視新點子和創造力,用自己的方式做事 1□ 2□ 3□ 4□ 97□ 98□ N2 重視財富,想要擁有許多錢和昂貴的東西 1□ 2□ 3□ 4□ 97□ 98□ N3 重視居住安全,避免任何可能的危險 1□ 2□ 3□ 4□ 97□ 98□ N4 重視追求快樂,寵愛自己 1□ 2□ 3□ 4□ 97□ 98□ N5 會幫助周圍的人,且在意他們過得好不好 1□ 2□ 3□ 4□"
532,vN6sN10,N10,apply,,,,,,"1,4",97,98,,option code span including table,"N1‧接下來我會用一些句子描述人,您覺得這些描述跟現在的您像不像?(卡31)【N1至N10請用群組題方式排版】 很不 | 像您 有點 | 不像您 有點 | 像您 很像您 (97) | 不知道 (98) | 拒答 N1 重視新點子和創造力,用自己的方式做事 1□ 2□ 3□ 4□ 97□ 98□ N2 重視財富,想要擁有許多錢和昂貴的東西 1□ 2□ 3□ 4□ 97□ 98□ N3 重視居住安全,避免任何可能的危險 1□ 2□ 3□ 4□ 97□ 98□ N4 重視追求快樂,寵愛自己 1□ 2□ 3□ 4□ 97□ 98□ N5 會幫助周圍的人,且在意他們過得好不好 1□ 2□ 3□ 4□"
533,vN11sN11,N11,apply,,,,,,"1,5",97,98,,option code span including table,"N11‧接下來,我會用一些句子描述您的生活,以及與別人相處的情況,請問您同不同意這些描述?(卡32)【N11至N16請用群組題方式排版】 子題號 題目 非常 | 不同意 不同意 普通 同意 非常 | 同意 (97) | 不知道 (98) | 拒答 N11 您目前的生活和您想要的生活不會差太遠(差太多) 1□ 2□ 3□ 4□ 5□ 97□ 98□ N12 目前您的一切生活狀況都很棒 1□ 2□ 3□ 4□ 5□ 97□ 98□ N13 您已經得到您人生「想要的」 1□ 2□ 3□ 4□ 5□ 97□ 98□ N14 若人生可以重來一次,您會想要換一個跟現在不一樣的人生 1□ 2□ 3□ 4□ "
534,vN11sN12,N12,apply,,,,,,"1,5",97,98,,option code span including table,"N11‧接下來,我會用一些句子描述您的生活,以及與別人相處的情況,請問您同不同意這些描述?(卡32)【N11至N16請用群組題方式排版】 子題號 題目 非常 | 不同意 不同意 普通 同意 非常 | 同意 (97) | 不知道 (98) | 拒答 N11 您目前的生活和您想要的生活不會差太遠(差太多) 1□ 2□ 3□ 4□ 5□ 97□ 98□ N12 目前您的一切生活狀況都很棒 1□ 2□ 3□ 4□ 5□ 97□ 98□ N13 您已經得到您人生「想要的」 1□ 2□ 3□ 4□ 5□ 97□ 98□ N14 若人生可以重來一次,您會想要換一個跟現在不一樣的人生 1□ 2□ 3□ 4□ "
535,vN11sN13,N13,apply,,,,,,"1,5",97,98,,option code span including table,"N11‧接下來,我會用一些句子描述您的生活,以及與別人相處的情況,請問您同不同意這些描述?(卡32)【N11至N16請用群組題方式排版】 子題號 題目 非常 | 不同意 不同意 普通 同意 非常 | 同意 (97) | 不知道 (98) | 拒答 N11 您目前的生活和您想要的生活不會差太遠(差太多) 1□ 2□ 3□ 4□ 5□ 97□ 98□ N12 目前您的一切生活狀況都很棒 1□ 2□ 3□ 4□ 5□ 97□ 98□ N13 您已經得到您人生「想要的」 1□ 2□ 3□ 4□ 5□ 97□ 98□ N14 若人生可以重來一次,您會想要換一個跟現在不一樣的人生 1□ 2□ 3□ 4□ "
536,vN11sN14,N14,apply,,,,,,"1,5",97,98,,option code span including table,"N11‧接下來,我會用一些句子描述您的生活,以及與別人相處的情況,請問您同不同意這些描述?(卡32)【N11至N16請用群組題方式排版】 子題號 題目 非常 | 不同意 不同意 普通 同意 非常 | 同意 (97) | 不知道 (98) | 拒答 N11 您目前的生活和您想要的生活不會差太遠(差太多) 1□ 2□ 3□ 4□ 5□ 97□ 98□ N12 目前您的一切生活狀況都很棒 1□ 2□ 3□ 4□ 5□ 97□ 98□ N13 您已經得到您人生「想要的」 1□ 2□ 3□ 4□ 5□ 97□ 98□ N14 若人生可以重來一次,您會想要換一個跟現在不一樣的人生 1□ 2□ 3□ 4□ "
537,vN11sN15,N15,apply,,,,,,"1,5",97,98,,option code span including table,"N11‧接下來,我會用一些句子描述您的生活,以及與別人相處的情況,請問您同不同意這些描述?(卡32)【N11至N16請用群組題方式排版】 子題號 題目 非常 | 不同意 不同意 普通 同意 非常 | 同意 (97) | 不知道 (98) | 拒答 N11 您目前的生活和您想要的生活不會差太遠(差太多) 1□ 2□ 3□ 4□ 5□ 97□ 98□ N12 目前您的一切生活狀況都很棒 1□ 2□ 3□ 4□ 5□ 97□ 98□ N13 您已經得到您人生「想要的」 1□ 2□ 3□ 4□ 5□ 97□ 98□ N14 若人生可以重來一次,您會想要換一個跟現在不一樣的人生 1□ 2□ 3□ 4□ "
538,vN11sN16,N16,apply,,,,,,"1,5",97,98,,option code span including table,"N11‧接下來,我會用一些句子描述您的生活,以及與別人相處的情況,請問您同不同意這些描述?(卡32)【N11至N16請用群組題方式排版】 子題號 題目 非常 | 不同意 不同意 普通 同意 非常 | 同意 (97) | 不知道 (98) | 拒答 N11 您目前的生活和您想要的生活不會差太遠(差太多) 1□ 2□ 3□ 4□ 5□ 97□ 98□ N12 目前您的一切生活狀況都很棒 1□ 2□ 3□ 4□ 5□ 97□ 98□ N13 您已經得到您人生「想要的」 1□ 2□ 3□ 4□ 5□ 97□ 98□ N14 若人生可以重來一次,您會想要換一個跟現在不一樣的人生 1□ 2□ 3□ 4□ "
539,vN17,N17,match,,"1,5",90,97,98,"1,5",90,97,98,option code span including table,"N17‧當您覺得孤單時,您可以找到其他人說話?(卡32) □ (01)非常不同意 □ (02)不同意 □ (03)普通 □ (04)同意 □ (05)非常同意 □ (90)不覺得孤單 □ (97)不知道 □ (98)拒答"
540,vN18sN18,N18,apply,,,,,,"1,5",97,98,,option code span including table,"N18‧那想請問您同不同意下列說法?(卡32)【N18至N20請用群組題方式排版】 子題號 題目 非常 | 不同意 不同意 普通 同意 非常 | 同意 (97) | 不知道 (98) | 拒答 N18 經由和別人的來往,會讓您想要嘗試新事物(例如:跟朋友來往,知道他常常去爬山,也會想要去爬山) 1□ 2□ 3□ 4□ 5□ 97□ 98□ N19 經由和別人的來往,會讓您對於「跟您不一樣的人」在想些什麼感到興趣(例如:跟不同興趣、不同生活背景、或是不同年紀的朋友來往,也會想去了解他們的想法) 1□ 2□ 3□ 4□ 5□ 97□ 98□ N20 經由和別人的閒聊,會讓您對世界上所發生的事情感到"
541,vN18sN19,N19,apply,,,,,,"1,5",97,98,,option code span including table,"N18‧那想請問您同不同意下列說法?(卡32)【N18至N20請用群組題方式排版】 子題號 題目 非常 | 不同意 不同意 普通 同意 非常 | 同意 (97) | 不知道 (98) | 拒答 N18 經由和別人的來往,會讓您想要嘗試新事物(例如:跟朋友來往,知道他常常去爬山,也會想要去爬山) 1□ 2□ 3□ 4□ 5□ 97□ 98□ N19 經由和別人的來往,會讓您對於「跟您不一樣的人」在想些什麼感到興趣(例如:跟不同興趣、不同生活背景、或是不同年紀的朋友來往,也會想去了解他們的想法) 1□ 2□ 3□ 4□ 5□ 97□ 98□ N20 經由和別人的閒聊,會讓您對世界上所發生的事情感到"
542,vN18sN20,N20,apply,,,,,,"1,5",97,98,,option code span including table,"N18‧那想請問您同不同意下列說法?(卡32)【N18至N20請用群組題方式排版】 子題號 題目 非常 | 不同意 不同意 普通 同意 非常 | 同意 (97) | 不知道 (98) | 拒答 N18 經由和別人的來往,會讓您想要嘗試新事物(例如:跟朋友來往,知道他常常去爬山,也會想要去爬山) 1□ 2□ 3□ 4□ 5□ 97□ 98□ N19 經由和別人的來往,會讓您對於「跟您不一樣的人」在想些什麼感到興趣(例如:跟不同興趣、不同生活背景、或是不同年紀的朋友來往,也會想去了解他們的想法) 1□ 2□ 3□ 4□ 5□ 97□ 98□ N20 經由和別人的閒聊,會讓您對世界上所發生的事情感到"
543,vN21sN21,N21,apply,,,,,,"1,5",97,98,,option code span including table,"N21‧那想請問您同不同意下列說法?(卡32) 【N21至N22請用群組題方式排版】 子題號 題目 非常 | 不同意 不同意 普通 同意 非常 | 同意 (97) | 不知道 (98) | 拒答 N21 知道別人在網路上做什麼,您也會想要試試看 1□ 2□ 3□ 4□ 5□ 97□ 98□ N22 知道別人在網路上討論什麼,您也會感興趣 1□ 2□ 3□ 4□ 5□ 97□ 98□"
544,vN21sN22,N22,apply,,,,,,"1,5",97,98,,option code span including table,"N21‧那想請問您同不同意下列說法?(卡32) 【N21至N22請用群組題方式排版】 子題號 題目 非常 | 不同意 不同意 普通 同意 非常 | 同意 (97) | 不知道 (98) | 拒答 N21 知道別人在網路上做什麼,您也會想要試試看 1□ 2□ 3□ 4□ 5□ 97□ 98□ N22 知道別人在網路上討論什麼,您也會感興趣 1□ 2□ 3□ 4□ 5□ 97□ 98□"
545,vN23,N23,match,,"1,5",97,98,,"1,5",97,98,,option code span including table,"N23‧接下來,想要問您對一些事物的滿意程度。整體而言,您對於您的生活滿不滿意?(卡33) □ (01)非常不滿意 □ (02)不滿意 □ (03)普通 □ (04)滿意 □ (05)非常滿意 □ (97)不知道 □ (98)拒答"
546,vN24,N24,mismatch,existing r1-r4 differ from proposal,"1,88",97,98,,"1,5",97,98,,option code span including table,"N24‧整體而言,您對於您的工作滿不滿意?(卡33) 【O1答(01)-(05)、(88)者,需回答此題】 □ (01)非常不滿意 □ (02)不滿意 □ (03)普通 □ (04)滿意 □ (97)不知道 □ (98)拒答 □ (05)非常滿意"
547,vN25,N25,match,,"1,5",90,97,98,"1,5",90,97,98,option code span including table,"N25‧整體而言,您對於您的社交生活滿不滿意?(卡33) □ (01)非常不滿意 □ (02)不滿意 □ (03)普通 □ (04)滿意 □ (05)非常滿意 □ (90)沒有社交生活 □ (97)不知道 □ (98)拒答"
548,vN26,N26,match,,"1,5",97,98,,"1,5",97,98,,option code span including table,"N26‧整體而言,您對自己目前的健康狀況滿不滿意?(卡33) □ (01)非常不滿意 □ (02)不滿意 □ (03)普通 □ (04)滿意 □ (05)非常滿意 □ (97)不知道 □ (98)拒答"
549,vN27,N27,match,,"1,5",97,98,,"1,5",97,98,,option code span including table,"N27‧整體而言,您對自己滿不滿意?(卡33) □ (01)非常不滿意 □ (02)不滿意 □ (03)普通 □ (04)滿意 □ (05)非常滿意 □ (97)不知道 □ (98)拒答"
550,vN28,N28,match,,"1,5",97,98,,"1,5",97,98,,option code span including table,"N28‧整體而言,您覺得目前的日子過得快不快樂?(卡34) □ (01)非常不快樂 □ (02)不快樂 □ (03)普通 □ (04)快樂 □ (05)非常快樂 □ (97)不知道 □ (98)拒答"
551,vN29,N29,match,,"1,5",97,98,,"1,5",97,98,,option code span including table,"N29‧整體而言,您覺得目前的您寂不寂寞?(卡35) □ (01)非常不寂寞 □ (02)不寂寞 □ (03)普通 □ (04)寂寞 □ (05)非常寂寞 □ (97)不知道 □ (98)拒答"
552,vN30,N30,match,,90,97,98,,90,97,98,,option code span including table,"N30‧整體來說,您對您目前的家庭狀況滿不滿意?(卡36) 訪員注意:如果0代表非常不滿意,10代表非常滿意,從0到10之間,請您選一個最符合自己感受 的數字。 0 1 2 3 4 5 6 7 8 9 10 (非常不滿意)-----------------------------------------------------(非常滿意) □ (90)沒有家庭 □ (97)不知道 □ (98)拒答"
553,vN31,N31,match,,97,98,,,97,98,,,option code span including table,"N31‧整體來說,您對您目前的人際關係狀況滿不滿意?(卡36) 訪員注意:如果0代表非常不滿意,10代表非常滿意,從0到10之間,請您選一個最符合自己感受 的數字。 0 1 2 3 4 5 6 7 8 9 10 (非常不滿意)-----------------------------------------------------(非常滿意) □ (97)不知道 □ (98)拒答"
554,vN32,N32,match,,97,98,,,97,98,,,option code span including table,"N32‧整體來說,您對您目前的經濟狀況滿不滿意?(卡36) 訪員注意:如果0代表非常不滿意,10代表非常滿意,從0到10之間,請您選一個最符合自己感受的數字。 0 1 2 3 4 5 6 7 8 9 10 (非常不滿意)-----------------------------------------------------(非常滿意) □ (97)不知道 □ (98)拒答"
555,vO5,,manual,no automatic proposal,,,,,,,,,no numeric range found,
556,vN33sN33,N33,apply,,,,,,"1,4",97,98,,option code span including table,"N33‧請根據您自己的實際狀況,回答下列問題。(卡37)【N33至N34請用群組題方式排版】 子題號 題目 從來 | 沒有 很少 有時 經常 (97) | 不知道 (98) | 拒答 N33 您多常覺得身體很累? 1□ 2□ 3□ 4□ 97□ 98□ N34 您多常覺得心裡很累(像是覺得無奈、挫折)? 1□ 2□ 3□ 4□ 97□ 98□"
557,vN33sN34,N34,apply,,,,,,"1,4",97,98,,option code span including table,"N33‧請根據您自己的實際狀況,回答下列問題。(卡37)【N33至N34請用群組題方式排版】 子題號 題目 從來 | 沒有 很少 有時 經常 (97) | 不知道 (98) | 拒答 N33 您多常覺得身體很累? 1□ 2□ 3□ 4□ 97□ 98□ N34 您多常覺得心裡很累(像是覺得無奈、挫折)? 1□ 2□ 3□ 4□ 97□ 98□"
558,vN35sN35,N35,apply,,,,,,"0,7",97,98,,option code span including table,"N35‧在過去七天內,您大概有幾天曾發生下列情況?(卡38)【N35至N38請用群組題方式排版】 子題號 題目 0天 1天 2天 3天 4天 5天 6天 7天 (97) | 不知道 (98) | 拒答 N35 有做事時提不起勁或沒有樂趣的狀況? 0□ 1□ 2□ 3□ 4□ 5□ 6□ 7□ 97□ 98□ N36 有心情低落、沮喪或絕望的狀況? 0□ 1□ 2□ 3□ 4□ 5□ 6□ 7□ 97□ 98□ N37 有緊張、焦慮或不安的狀況? 0□ 1□ 2□ 3□ 4□ 5□ 6□ 7□ 97□ 98□ N38 有對周圍的人事物擔心個沒完的狀況? 0□ 1□ 2□ 3□ 4□ 5□ 6□ "
559,vN35sN36,N36,apply,,,,,,"0,7",97,98,,option code span including table,"N35‧在過去七天內,您大概有幾天曾發生下列情況?(卡38)【N35至N38請用群組題方式排版】 子題號 題目 0天 1天 2天 3天 4天 5天 6天 7天 (97) | 不知道 (98) | 拒答 N35 有做事時提不起勁或沒有樂趣的狀況? 0□ 1□ 2□ 3□ 4□ 5□ 6□ 7□ 97□ 98□ N36 有心情低落、沮喪或絕望的狀況? 0□ 1□ 2□ 3□ 4□ 5□ 6□ 7□ 97□ 98□ N37 有緊張、焦慮或不安的狀況? 0□ 1□ 2□ 3□ 4□ 5□ 6□ 7□ 97□ 98□ N38 有對周圍的人事物擔心個沒完的狀況? 0□ 1□ 2□ 3□ 4□ 5□ 6□ "
560,vN35sN37,N37,apply,,,,,,"0,7",97,98,,option code span including table,"N35‧在過去七天內,您大概有幾天曾發生下列情況?(卡38)【N35至N38請用群組題方式排版】 子題號 題目 0天 1天 2天 3天 4天 5天 6天 7天 (97) | 不知道 (98) | 拒答 N35 有做事時提不起勁或沒有樂趣的狀況? 0□ 1□ 2□ 3□ 4□ 5□ 6□ 7□ 97□ 98□ N36 有心情低落、沮喪或絕望的狀況? 0□ 1□ 2□ 3□ 4□ 5□ 6□ 7□ 97□ 98□ N37 有緊張、焦慮或不安的狀況? 0□ 1□ 2□ 3□ 4□ 5□ 6□ 7□ 97□ 98□ N38 有對周圍的人事物擔心個沒完的狀況? 0□ 1□ 2□ 3□ 4□ 5□ 6□ "
561,vN35sN38,N38,apply,,,,,,"0,7",97,98,,option code span including table,"N35‧在過去七天內,您大概有幾天曾發生下列情況?(卡38)【N35至N38請用群組題方式排版】 子題號 題目 0天 1天 2天 3天 4天 5天 6天 7天 (97) | 不知道 (98) | 拒答 N35 有做事時提不起勁或沒有樂趣的狀況? 0□ 1□ 2□ 3□ 4□ 5□ 6□ 7□ 97□ 98□ N36 有心情低落、沮喪或絕望的狀況? 0□ 1□ 2□ 3□ 4□ 5□ 6□ 7□ 97□ 98□ N37 有緊張、焦慮或不安的狀況? 0□ 1□ 2□ 3□ 4□ 5□ 6□ 7□ 97□ 98□ N38 有對周圍的人事物擔心個沒完的狀況? 0□ 1□ 2□ 3□ 4□ 5□ 6□ "
562,vQa,,match,,"20260615000000,20260915000000",,,,"20260615000000,20260915000000",,,,configured date range,
563,vQ1,Q1,match,,"1,4",97,98,,"1,4",97,98,,option code span including table,"Q1. 最近一個月,請問您有多常透過報紙獲得政治或公共事務的訊息呢? (卡40)【G1回答0者,不需回答此題】【A9答(01)不識字者不需回答此題】 □(01) 從來沒有 □(02) 很少 □(03) 有時 □(04) 經常□(97) 不知道 □(98) 拒答"
564,vQ2,Q2,match,,"1,4",97,98,,"1,4",97,98,,option code span including table,"Q2. 最近一個月,請問您有多常透過雜誌獲得政治或公共事務的訊息呢?(卡40)【F0回答90者,不需回答此題】【A9答(01)不識字者不需回答此題】 □(01) 從來沒有 □(02) 很少 □(03) 有時 □(04) 經常□(97) 不知道 □(98) 拒答"
565,vQ3,Q3,mismatch,existing r1-r4 differ from proposal,"1,8",97,98,,"1,4",97,98,,option code span including table,"Q3. 最近一個月,請問您有多常透過廣播獲得政治或公共事務的訊息呢? (卡40)【C1回答0者,不需回答此題】 □(01) 從來沒有【C3答(08)者,選項互斥】 □(02) 很少 □(03) 有時 □(04) 經常□(97) 不知道 □(98) 拒答"
566,vQ4,Q4,mismatch,existing r1-r4 differ from proposal,"1,8",97,98,,"1,4",97,98,,option code span including table,"Q4. 最近一個月,請問您有多常透過電視獲得政治或公共事務的訊息呢?(卡40)【B1及B3皆回答0者,不需回答此題】 □(01) 從來沒有【B8答(08)者,選項互斥】 □(02) 很少 □(03) 有時 □(04) 經常□(97) 不知道 □(98) 拒答"
567,vQ5,Q5,match,,"1,2",97,98,,"1,2",97,98,,option code span including table,"Q5. 請問您有沒有透過網路接觸到(包括:觀看、瀏覽、點閱或蒐尋)和「政治或公共事務」有關的新聞、訊息或影片?【E1答(01)者,需回答此題】 □ (01)有 □ (02)沒有 □ (97)不知道 □ (98)拒答"
568,vQ6,Q6,range_match_special_diff,r1 matches; r2-r4 differ,"1,4",97,98,90,"1,4",97,98,,option code span including table,"Q6.請問您多常透過下列網路平台接觸到(包括:觀看、瀏覽、點閱或蒐尋)和「政治或公共事務」有關的新聞、訊息或影片? 社群媒體(如:Threads、臉書Facebook、Instagram、抖音TikTok等)?(卡41)【Q5答(02)、(97)、(98)者,或K2答(90)者,不需答此題】【不須答此題】 訪員注意:如受訪者對於社群媒體或通訊軟體有疑慮,請出示卡40A說明。 □(01) 從來沒有 □(02) 很少 □(03) 有時 □(04) 經常□(97) 不知道 □(98) 拒答"
569,vQ7,Q7,range_match_special_diff,r1 matches; r2-r4 differ,"1,4",97,98,90,"1,4",97,98,,option code span including table,"Q7.請問您多常透過下列網路平台接觸到(包括:觀看、瀏覽、點閱或蒐尋)和「政治或公共事務」有關的新聞、訊息或影片? 影音平台(如:YouTube)?(卡41)【Q5答(02)、(97)、(98)者,或K3答(90)者,不需答此題】 □(01) 從來沒有 □(02) 很少 □(03) 有時 □(04) 經常□(97) 不知道 □(98) 拒答"
570,vQ8,Q8,range_match_special_diff,r1 matches; r2-r4 differ,"1,4",97,98,90,"1,4",97,98,,option code span including table,"Q8.請問您多常透過下列網路平台接觸到(包括:觀看、瀏覽、點閱或蒐尋)和「政治或公共事務」有關的新聞、訊息或影片? 通訊軟體(如:LINE、FB messenger)?(卡41)【Q5答(02)、(97)、(98)者,或K1答(90)者,不需答此題】 訪員注意:如受訪者對於社群媒體或通訊軟體有疑慮,請出示卡40A說明。 □(01) 從來沒有 □(02) 很少 □(03) 有時 □(04) 經常□(97) 不知道 □(98) 拒答"
571,vQ9,Q9,range_match_special_diff,r1 matches; r2-r4 differ,"1,4",97,98,90,"1,4",97,98,,option code span including table,"Q9.請問您多常透過下列網路平台接觸到(包括:觀看、瀏覽、點閱或蒐尋)和「政治或公共事務」有關的新聞、訊息或影片? 新聞網站(如:ETtoday新聞雲、聯合新聞網等)?(卡41)【Q5答(02)、(97)、(98)者,或G7和G8和G9和G10和G11皆答(90),不需答此題】 □(01) 從來沒有 □(02) 很少 □(03) 有時 □(04) 經常□(97) 不知道 □(98) 拒答"
572,vQ10,Q10,match,,"1,2",97,98,,"1,2",97,98,,option code span including table,"Q10. 請問您有沒有透過網路轉貼、轉寄或分享和「政治或公共事務」有關的新聞、訊息或影片?【E1答(01)者,需回答此題】 □ (01)有 □ (02)沒有 □ (97)不知道 □ (98)拒答 【檢查題】CKQ10.請向受訪者說明:【Q5答(02)者,且Q10答(01)者,需回答此題】 您之前答沒有透過網路接觸到政治或公共事務相關訊息(Q5), 但會透過網路轉貼、轉寄或分享政治或公共事務相關訊息(Q10), 請您再次確認,最近一個月有沒有透過網路接觸到和「政治或公共事務」有關的新聞、訊息或影片?(很少也算) 「有接觸」,請回到Q5題點選(01)有; 「沒有接觸」,請回到Q10題點選(02)沒"
573,vCKQ10,Q10,range_match_special_diff,r1 matches; r2-r4 differ,"1,2",,,,"1,2",97,98,,option code span including table,"Q10. 請問您有沒有透過網路轉貼、轉寄或分享和「政治或公共事務」有關的新聞、訊息或影片?【E1答(01)者,需回答此題】 □ (01)有 □ (02)沒有 □ (97)不知道 □ (98)拒答 【檢查題】CKQ10.請向受訪者說明:【Q5答(02)者,且Q10答(01)者,需回答此題】 您之前答沒有透過網路接觸到政治或公共事務相關訊息(Q5), 但會透過網路轉貼、轉寄或分享政治或公共事務相關訊息(Q10), 請您再次確認,最近一個月有沒有透過網路接觸到和「政治或公共事務」有關的新聞、訊息或影片?(很少也算) 「有接觸」,請回到Q5題點選(01)有; 「沒有接觸」,請回到Q10題點選(02)沒"
574,vQ11,Q11,range_match_special_diff,r1 matches; r2-r4 differ,"1,4",97,98,90,"1,4",97,98,,option code span including table,"Q11.請問您多常透過下列網路平台轉貼、轉寄或分享和「政治或公共事務」有關的新聞、訊息或影片? 社群媒體(如:Threads、臉書Facebook、Instagram、抖音TikTok等)?(卡41)【Q10答(02)、(97)、(98)者,或K2答(90)者,或Q6答(01)者,不需答此題】 訪員注意:如受訪者對於社群媒體或通訊軟體有疑慮,請出示卡40A說明。 □(01) 從來沒有 □(02) 很少 □(03) 有時 □(04) 經常□(97) 不知道 □(98) 拒答"
575,vQ12,Q12,range_match_special_diff,r1 matches; r2-r4 differ,"1,4",97,98,90,"1,4",97,98,,option code span including table,"Q12.請問您多常透過下列網路平台轉貼、轉寄或分享和「政治或公共事務」有關的新聞、訊息或影片? 影音平台(如:YouTube)?(卡41)【Q10答(02)、(97)、(98)者,或K3答(90)者,或Q7答(01)者,不需答此題】 □(01) 從來沒有 □(02) 很少 □(03) 有時 □(04) 經常□(97) 不知道 □(98) 拒答"
576,vQ13,Q13,range_match_special_diff,r1 matches; r2-r4 differ,"1,4",97,98,90,"1,4",97,98,,option code span including table,"Q13.請問您多常透過下列網路平台轉貼、轉寄或分享和「政治或公共事務」有關的新聞、訊息或影片? 通訊軟體(如:LINE、FB messenger)?(卡41)【Q10答(02)、(97)、(98)者,或K1答(90)者,或Q8答(01)者,不需答此題】 訪員注意:如受訪者對於社群媒體或通訊軟體有疑慮,請出示卡40A說明。 □(01) 從來沒有 □(02) 很少 □(03) 有時 □(04) 經常□(97) 不知道 □(98) 拒答"
577,vQ14,Q14,range_match_special_diff,r1 matches; r2-r4 differ,"1,4",97,98,90,"1,4",97,98,,option code span including table,"Q14.請問您多常透過下列網路平台轉貼、轉寄或分享和「政治或公共事務」有關的新聞、訊息或影片? 新聞網站(如:ETtoday新聞雲、聯合新聞網等)?(卡41)【Q10答(02)、(97)、(98)者,或G7和G8和G9和G10和G11皆答(90),或Q9答(01)者,不需答此題】 □(01) 從來沒有 □(02) 很少 □(03) 有時 □(04) 經常□(97) 不知道 □(98) 拒答"
578,vQ15,Q15,match,,"1,2",97,98,,"1,2",97,98,,option code span including table,"Q15. 請問您有沒有透過網路發布或發表「政治或公共事務」相關的訊息(包含製作影片或評論新聞)?【E1答(01)者,需回答此題】 □ (01)有 □ (02)沒有 □ (97)不知道 □ (98)拒答"
579,vQ16,Q16,range_match_special_diff,r1 matches; r2-r4 differ,"1,4",97,98,90,"1,4",97,98,,option code span including table,"Q16.請問您多常透過下列網路平台發「政治或公共事務」相關的訊息(包含製作影片或評論新聞)? 社群媒體(如:Threads、臉書Facebook、Instagram、抖音TikTok等)?(卡41)【Q15答(02)、(97)、(98)者,或K2答(90)者,不需答此題】 訪員注意:如受訪者對於社群媒體或通訊軟體有疑慮,請出示卡40A說明。 □(01) 從來沒有 □(02) 很少 □(03) 有時 □(04) 經常□(97) 不知道 □(98) 拒答"
580,vQ17,Q17,range_match_special_diff,r1 matches; r2-r4 differ,"1,4",97,98,90,"1,4",97,98,,option code span including table,"Q17.請問您多常透過下列網路平台發「政治或公共事務」相關的訊息(包含製作影片或評論新聞)? 影音平台(如:YouTube)?(卡41)【Q15答(02)、(97)、(98)者,或K3答(90)者,不需答此題】 □(01) 從來沒有 □(02) 很少 □(03) 有時 □(04) 經常□(97) 不知道 □(98) 拒答"
581,vQ18,Q18,range_match_special_diff,r1 matches; r2-r4 differ,"1,4",97,98,90,"1,4",97,98,,option code span including table,"Q18.問您多常透過下列網路平台發「政治或公共事務」相關的訊息(包含製作影片或評論新聞)? 通訊軟體(如:LINE、FB messenger)?(卡41)【Q15答(02)、(97)、(98)者,或K1答(90)者,不需答此題】 訪員注意:如受訪者對於社群媒體或通訊軟體有疑慮,請出示卡40A說明。 □(01) 從來沒有 □(02) 很少 □(03) 有時 □(04) 經常□(97) 不知道 □(98) 拒答"
582,vQ19,Q19,range_match_special_diff,r1 matches; r2-r4 differ,"1,4",97,98,90,"1,4",97,98,,option code span including table,"Q19.請問您多常透過下列網路平台發「政治或公共事務」相關的訊息(包含製作影片或評論新聞)?新聞網站(如:ETtoday新聞雲、聯合新聞網等)?(卡41)【Q15答(02)、(97)、(98)者,或G7和G8和G9和G10和G11皆答(90),不需答此題】 □(01) 從來沒有 □(02) 很少 □(03) 有時 □(04) 經常□(97) 不知道 □(98) 拒答"
583,vQ20m01,Q20,match,,"0,1",,,,"0,1",,,,multiple-response binary,"Q20.除了新聞,請問您平常還會用哪種方式獲得政治或公共事務相關訊息?(可多選)(卡42) □(01)談話性政論節目(不論是從電視或YouTube上觀看都算)【B1答0,且B3答0,且E1答(02)者,與選項(01)互斥】 □(02)政治人物(是指透過他們YouTube頻道、臉書粉專、IG帳號上的貼文、直播和預錄影片)【E1答(02)者,與選項(02)互斥】 □(03)網紅或公眾人物影片(是指從他們YouTube頻道、臉書粉專、IG帳號、直播與直播結束後的留存影片都算)【E1答(02)者,與選項(03)互斥】 □(04)播客(Podcast)的節目【E1答(02)者,與選項(04)互斥】 □("
584,vQ20m02,Q20,match,,"0,1",,,,"0,1",,,,multiple-response binary,"Q20.除了新聞,請問您平常還會用哪種方式獲得政治或公共事務相關訊息?(可多選)(卡42) □(01)談話性政論節目(不論是從電視或YouTube上觀看都算)【B1答0,且B3答0,且E1答(02)者,與選項(01)互斥】 □(02)政治人物(是指透過他們YouTube頻道、臉書粉專、IG帳號上的貼文、直播和預錄影片)【E1答(02)者,與選項(02)互斥】 □(03)網紅或公眾人物影片(是指從他們YouTube頻道、臉書粉專、IG帳號、直播與直播結束後的留存影片都算)【E1答(02)者,與選項(03)互斥】 □(04)播客(Podcast)的節目【E1答(02)者,與選項(04)互斥】 □("
585,vQ20m03,Q20,match,,"0,1",,,,"0,1",,,,multiple-response binary,"Q20.除了新聞,請問您平常還會用哪種方式獲得政治或公共事務相關訊息?(可多選)(卡42) □(01)談話性政論節目(不論是從電視或YouTube上觀看都算)【B1答0,且B3答0,且E1答(02)者,與選項(01)互斥】 □(02)政治人物(是指透過他們YouTube頻道、臉書粉專、IG帳號上的貼文、直播和預錄影片)【E1答(02)者,與選項(02)互斥】 □(03)網紅或公眾人物影片(是指從他們YouTube頻道、臉書粉專、IG帳號、直播與直播結束後的留存影片都算)【E1答(02)者,與選項(03)互斥】 □(04)播客(Podcast)的節目【E1答(02)者,與選項(04)互斥】 □("
586,vQ20m04,Q20,match,,"0,1",,,,"0,1",,,,multiple-response binary,"Q20.除了新聞,請問您平常還會用哪種方式獲得政治或公共事務相關訊息?(可多選)(卡42) □(01)談話性政論節目(不論是從電視或YouTube上觀看都算)【B1答0,且B3答0,且E1答(02)者,與選項(01)互斥】 □(02)政治人物(是指透過他們YouTube頻道、臉書粉專、IG帳號上的貼文、直播和預錄影片)【E1答(02)者,與選項(02)互斥】 □(03)網紅或公眾人物影片(是指從他們YouTube頻道、臉書粉專、IG帳號、直播與直播結束後的留存影片都算)【E1答(02)者,與選項(03)互斥】 □(04)播客(Podcast)的節目【E1答(02)者,與選項(04)互斥】 □("
587,vQ20m05,Q20,match,,"0,1",,,,"0,1",,,,multiple-response binary,"Q20.除了新聞,請問您平常還會用哪種方式獲得政治或公共事務相關訊息?(可多選)(卡42) □(01)談話性政論節目(不論是從電視或YouTube上觀看都算)【B1答0,且B3答0,且E1答(02)者,與選項(01)互斥】 □(02)政治人物(是指透過他們YouTube頻道、臉書粉專、IG帳號上的貼文、直播和預錄影片)【E1答(02)者,與選項(02)互斥】 □(03)網紅或公眾人物影片(是指從他們YouTube頻道、臉書粉專、IG帳號、直播與直播結束後的留存影片都算)【E1答(02)者,與選項(03)互斥】 □(04)播客(Podcast)的節目【E1答(02)者,與選項(04)互斥】 □("
588,vQ20m06,Q20,match,,"0,1",,,,"0,1",,,,multiple-response binary,"Q20.除了新聞,請問您平常還會用哪種方式獲得政治或公共事務相關訊息?(可多選)(卡42) □(01)談話性政論節目(不論是從電視或YouTube上觀看都算)【B1答0,且B3答0,且E1答(02)者,與選項(01)互斥】 □(02)政治人物(是指透過他們YouTube頻道、臉書粉專、IG帳號上的貼文、直播和預錄影片)【E1答(02)者,與選項(02)互斥】 □(03)網紅或公眾人物影片(是指從他們YouTube頻道、臉書粉專、IG帳號、直播與直播結束後的留存影片都算)【E1答(02)者,與選項(03)互斥】 □(04)播客(Podcast)的節目【E1答(02)者,與選項(04)互斥】 □("
589,vQ20m88,Q20,match,,"0,1",96,,,"0,1",96,,,multiple-response binary,"Q20.除了新聞,請問您平常還會用哪種方式獲得政治或公共事務相關訊息?(可多選)(卡42) □(01)談話性政論節目(不論是從電視或YouTube上觀看都算)【B1答0,且B3答0,且E1答(02)者,與選項(01)互斥】 □(02)政治人物(是指透過他們YouTube頻道、臉書粉專、IG帳號上的貼文、直播和預錄影片)【E1答(02)者,與選項(02)互斥】 □(03)網紅或公眾人物影片(是指從他們YouTube頻道、臉書粉專、IG帳號、直播與直播結束後的留存影片都算)【E1答(02)者,與選項(03)互斥】 □(04)播客(Podcast)的節目【E1答(02)者,與選項(04)互斥】 □("
590,vQ20m90,Q20,match,,"0,1",96,,,"0,1",96,,,multiple-response binary,"Q20.除了新聞,請問您平常還會用哪種方式獲得政治或公共事務相關訊息?(可多選)(卡42) □(01)談話性政論節目(不論是從電視或YouTube上觀看都算)【B1答0,且B3答0,且E1答(02)者,與選項(01)互斥】 □(02)政治人物(是指透過他們YouTube頻道、臉書粉專、IG帳號上的貼文、直播和預錄影片)【E1答(02)者,與選項(02)互斥】 □(03)網紅或公眾人物影片(是指從他們YouTube頻道、臉書粉專、IG帳號、直播與直播結束後的留存影片都算)【E1答(02)者,與選項(03)互斥】 □(04)播客(Podcast)的節目【E1答(02)者,與選項(04)互斥】 □("
591,vCKQ20A,,manual,no automatic proposal,"1,5",,,,,,,,no numeric range found,
592,vCKQ20B,,manual,no automatic proposal,"1,2",,,,,,,,no numeric range found,
593,vQ24g1,,match,,"0,140",997,998,,"0,140",997,998,,hour-minute hour part,
594,vQ24g2,,match,,"0,59",97,98,,"0,59",97,98,,hour-minute minute part,
595,vCKQ24,,manual,no automatic proposal,1,,,,,,,,no numeric range found,
596,vQ25m01,,match,,"0,1",,,,"0,1",,,,multiple-response binary,
597,vQ25m02,,match,,"0,1",,,,"0,1",,,,multiple-response binary,
598,vQ25m03,,match,,"0,1",,,,"0,1",,,,multiple-response binary,
599,vQ25m04,,match,,"0,1",,,,"0,1",,,,multiple-response binary,
600,vQ25m05,,match,,"0,1",,,,"0,1",,,,multiple-response binary,
601,vQ25m06,,match,,"0,1",,,,"0,1",,,,multiple-response binary,
602,vQ25m07,,match,,"0,1",,,,"0,1",,,,multiple-response binary,
603,vQ25m08,,match,,"0,1",,,,"0,1",,,,multiple-response binary,
604,vQ25m09,,match,,"0,1",,,,"0,1",,,,multiple-response binary,
605,vQ25m10,,match,,"0,1",96,,,"0,1",96,,,multiple-response binary,
606,vQ25m11,,match,,"0,1",96,,,"0,1",96,,,multiple-response binary,
607,vQ25m12,,match,,"0,1",96,,,"0,1",96,,,multiple-response binary,
608,vQ25m13,,match,,"0,1",96,,,"0,1",96,,,multiple-response binary,
609,vQ25m14,,match,,"0,1",96,,,"0,1",96,,,multiple-response binary,
610,vQ25m15,,match,,"0,1",96,,,"0,1",96,,,multiple-response binary,
611,vQ25m16,,match,,"0,1",96,,,"0,1",96,,,multiple-response binary,
612,vQ25m17,,match,,"0,1",96,,,"0,1",96,,,multiple-response binary,
613,vQ25m18,,match,,"0,1",96,,,"0,1",96,,,multiple-response binary,
614,vQ25m19,,match,,"0,1",96,,,"0,1",96,,,multiple-response binary,
615,vQ25m20,,match,,"0,1",96,,,"0,1",96,,,multiple-response binary,
616,vQ25m21,,match,,"0,1",96,,,"0,1",96,,,multiple-response binary,
617,vQ25m22,,match,,"0,1",96,,,"0,1",96,,,multiple-response binary,
618,vQ25m23,,match,,"0,1",96,,,"0,1",96,,,multiple-response binary,
619,vQ25m24,,match,,"0,1",96,,,"0,1",96,,,multiple-response binary,
620,vQ25m25,,match,,"0,1",96,,,"0,1",96,,,multiple-response binary,
621,vQ25m26,,match,,"0,1",96,,,"0,1",96,,,multiple-response binary,
622,vQ25m27,,match,,"0,1",96,,,"0,1",96,,,multiple-response binary,
623,vQ25m28,,match,,"0,1",96,,,"0,1",96,,,multiple-response binary,
624,vQ25m29,,match,,"0,1",96,,,"0,1",96,,,multiple-response binary,
625,vQ25m30,,match,,"0,1",96,,,"0,1",96,,,multiple-response binary,
626,vQ25m31,,match,,"0,1",96,,,"0,1",96,,,multiple-response binary,
627,vQ25m88,,match,,"0,1",96,,,"0,1",96,,,multiple-response binary,
628,vQ21g1,,match,,"0,140",997,998,,"0,140",997,998,,hour-minute hour part,
629,vQ21g2,,match,,"0,59",97,98,,"0,59",97,98,,hour-minute minute part,
630,vCKQ21,,manual,no automatic proposal,1,,,,,,,,no numeric range found,
631,vQ22m01,,match,,"0,1",,,,"0,1",,,,multiple-response binary,
632,vQ22m02,,match,,"0,1",,,,"0,1",,,,multiple-response binary,
633,vQ22m03,,match,,"0,1",,,,"0,1",,,,multiple-response binary,
634,vQ22m04,,match,,"0,1",,,,"0,1",,,,multiple-response binary,
635,vQ22m05,,match,,"0,1",,,,"0,1",,,,multiple-response binary,
636,vQ22m06,,match,,"0,1",,,,"0,1",,,,multiple-response binary,
637,vQ22m07,,match,,"0,1",,,,"0,1",,,,multiple-response binary,
638,vQ22m08,,match,,"0,1",,,,"0,1",,,,multiple-response binary,
639,vQ22m09,,match,,"0,1",,,,"0,1",,,,multiple-response binary,
640,vQ22m10,,match,,"0,1",96,,,"0,1",96,,,multiple-response binary,
641,vQ22m11,,match,,"0,1",96,,,"0,1",96,,,multiple-response binary,
642,vQ22m12,,match,,"0,1",96,,,"0,1",96,,,multiple-response binary,
643,vQ22m13,,match,,"0,1",96,,,"0,1",96,,,multiple-response binary,
644,vQ22m14,,match,,"0,1",96,,,"0,1",96,,,multiple-response binary,
645,vQ22m15,,match,,"0,1",96,,,"0,1",96,,,multiple-response binary,
646,vQ22m16,,match,,"0,1",96,,,"0,1",96,,,multiple-response binary,
647,vQ22m17,,match,,"0,1",96,,,"0,1",96,,,multiple-response binary,
648,vQ22m18,,match,,"0,1",96,,,"0,1",96,,,multiple-response binary,
649,vQ22m19,,match,,"0,1",96,,,"0,1",96,,,multiple-response binary,
650,vQ22m20,,match,,"0,1",96,,,"0,1",96,,,multiple-response binary,
651,vQ22m21,,match,,"0,1",96,,,"0,1",96,,,multiple-response binary,
652,vQ22m22,,match,,"0,1",96,,,"0,1",96,,,multiple-response binary,
653,vQ22m23,,match,,"0,1",96,,,"0,1",96,,,multiple-response binary,
654,vQ22m24,,match,,"0,1",96,,,"0,1",96,,,multiple-response binary,
655,vQ22m25,,match,,"0,1",96,,,"0,1",96,,,multiple-response binary,
656,vQ22m26,,match,,"0,1",96,,,"0,1",96,,,multiple-response binary,
657,vQ22m27,,match,,"0,1",96,,,"0,1",96,,,multiple-response binary,
658,vQ22m28,,match,,"0,1",96,,,"0,1",96,,,multiple-response binary,
659,vQ22m29,,match,,"0,1",96,,,"0,1",96,,,multiple-response binary,
660,vQ22m30,,match,,"0,1",96,,,"0,1",96,,,multiple-response binary,
661,vQ22m31,,match,,"0,1",96,,,"0,1",96,,,multiple-response binary,
662,vQ22m32,,match,,"0,1",96,,,"0,1",96,,,multiple-response binary,
663,vQ22m33,,match,,"0,1",96,,,"0,1",96,,,multiple-response binary,
664,vQ22m34,,match,,"0,1",96,,,"0,1",96,,,multiple-response binary,
665,vQ22m35,,match,,"0,1",96,,,"0,1",96,,,multiple-response binary,
666,vQ22m36,,match,,"0,1",96,,,"0,1",96,,,multiple-response binary,
667,vQ22m37,,match,,"0,1",96,,,"0,1",96,,,multiple-response binary,
668,vQ22m38,,match,,"0,1",96,,,"0,1",96,,,multiple-response binary,
669,vQ22m39,,match,,"0,1",96,,,"0,1",96,,,multiple-response binary,
670,vQ22m40,,match,,"0,1",96,,,"0,1",96,,,multiple-response binary,
671,vQ22m88,,match,,"0,1",96,,,"0,1",96,,,multiple-response binary,
672,vQ23m01,,match,,"0,1",,,,"0,1",,,,multiple-response binary,
673,vQ23m02,,match,,"0,1",,,,"0,1",,,,multiple-response binary,
674,vQ23m03,,match,,"0,1",,,,"0,1",,,,multiple-response binary,
675,vQ23m04,,match,,"0,1",,,,"0,1",,,,multiple-response binary,
676,vQ23m05,,match,,"0,1",,,,"0,1",,,,multiple-response binary,
677,vQ23m06,,match,,"0,1",,,,"0,1",,,,multiple-response binary,
678,vQ23m07,,match,,"0,1",,,,"0,1",,,,multiple-response binary,
679,vQ23m08,,match,,"0,1",,,,"0,1",,,,multiple-response binary,
680,vQ23m09,,match,,"0,1",,,,"0,1",,,,multiple-response binary,
681,vQ23m10,,match,,"0,1",96,,,"0,1",96,,,multiple-response binary,
682,vQ23m11,,match,,"0,1",96,,,"0,1",96,,,multiple-response binary,
683,vQ23m12,,match,,"0,1",96,,,"0,1",96,,,multiple-response binary,
684,vQ23m13,,match,,"0,1",96,,,"0,1",96,,,multiple-response binary,
685,vQ23m14,,match,,"0,1",96,,,"0,1",96,,,multiple-response binary,
686,vQ23m15,,match,,"0,1",96,,,"0,1",96,,,multiple-response binary,
687,vQ23m16,,match,,"0,1",96,,,"0,1",96,,,multiple-response binary,
688,vQ23m17,,match,,"0,1",96,,,"0,1",96,,,multiple-response binary,
689,vQ23m18,,match,,"0,1",96,,,"0,1",96,,,multiple-response binary,
690,vQ23m19,,match,,"0,1",96,,,"0,1",96,,,multiple-response binary,
691,vQ23m20,,match,,"0,1",96,,,"0,1",96,,,multiple-response binary,
692,vQ23m21,,match,,"0,1",96,,,"0,1",96,,,multiple-response binary,
693,vQ23m22,,match,,"0,1",96,,,"0,1",96,,,multiple-response binary,
694,vQ23m23,,match,,"0,1",96,,,"0,1",96,,,multiple-response binary,
695,vQ23m24,,match,,"0,1",96,,,"0,1",96,,,multiple-response binary,
696,vQ23m25,,match,,"0,1",96,,,"0,1",96,,,multiple-response binary,
697,vQ23m26,,match,,"0,1",96,,,"0,1",96,,,multiple-response binary,
698,vQ23m27,,match,,"0,1",96,,,"0,1",96,,,multiple-response binary,
699,vQ23m88,,match,,"0,1",96,,,"0,1",96,,,multiple-response binary,
700,vQ26Ag1,,match,,"0,140",997,998,,"0,140",997,998,,hour-minute hour part,
701,vQ26Ag2,,match,,"0,59",97,98,,"0,59",97,98,,hour-minute minute part,
702,vCKQ26A,,manual,no automatic proposal,1,,,,,,,,no numeric range found,
703,vQ26m01,,match,,"0,1",,,,"0,1",,,,multiple-response binary,
704,vQ26m02,,match,,"0,1",,,,"0,1",,,,multiple-response binary,
705,vQ26m03,,match,,"0,1",,,,"0,1",,,,multiple-response binary,
706,vQ26m04,,match,,"0,1",,,,"0,1",,,,multiple-response binary,
707,vQ26m05,,match,,"0,1",,,,"0,1",,,,multiple-response binary,
708,vQ26m06,,match,,"0,1",,,,"0,1",,,,multiple-response binary,
709,vQ26m07,,match,,"0,1",,,,"0,1",,,,multiple-response binary,
710,vQ26m08,,match,,"0,1",,,,"0,1",,,,multiple-response binary,
711,vQ26m09,,match,,"0,1",,,,"0,1",,,,multiple-response binary,
712,vQ26m10,,match,,"0,1",96,,,"0,1",96,,,multiple-response binary,
713,vQ26m11,,match,,"0,1",96,,,"0,1",96,,,multiple-response binary,
714,vQ26m12,,match,,"0,1",96,,,"0,1",96,,,multiple-response binary,
715,vQ26m13,,match,,"0,1",96,,,"0,1",96,,,multiple-response binary,
716,vQ26m14,,match,,"0,1",96,,,"0,1",96,,,multiple-response binary,
717,vQ26m15,,match,,"0,1",96,,,"0,1",96,,,multiple-response binary,
718,vQ26m16,,match,,"0,1",96,,,"0,1",96,,,multiple-response binary,
719,vQ26m17,,match,,"0,1",96,,,"0,1",96,,,multiple-response binary,
720,vQ26m18,,match,,"0,1",96,,,"0,1",96,,,multiple-response binary,
721,vQ26m19,,match,,"0,1",96,,,"0,1",96,,,multiple-response binary,
722,vQ26m20,,match,,"0,1",96,,,"0,1",96,,,multiple-response binary,
723,vQ26m21,,match,,"0,1",96,,,"0,1",96,,,multiple-response binary,
724,vQ26m22,,match,,"0,1",96,,,"0,1",96,,,multiple-response binary,
725,vQ26m23,,match,,"0,1",96,,,"0,1",96,,,multiple-response binary,
726,vQ26m24,,match,,"0,1",96,,,"0,1",96,,,multiple-response binary,
727,vQ26m25,,match,,"0,1",96,,,"0,1",96,,,multiple-response binary,
728,vQ26m26,,match,,"0,1",96,,,"0,1",96,,,multiple-response binary,
729,vQ26m27,,match,,"0,1",96,,,"0,1",96,,,multiple-response binary,
730,vQ26m28,,match,,"0,1",96,,,"0,1",96,,,multiple-response binary,
731,vQ26m29,,match,,"0,1",96,,,"0,1",96,,,multiple-response binary,
732,vQ26m88,,match,,"0,1",96,,,"0,1",96,,,multiple-response binary,
733,vQ27m01,,match,,"0,1",,,,"0,1",,,,multiple-response binary,
734,vQ27m02,,match,,"0,1",,,,"0,1",,,,multiple-response binary,
735,vQ27m03,,match,,"0,1",,,,"0,1",,,,multiple-response binary,
736,vQ27m04,,match,,"0,1",,,,"0,1",,,,multiple-response binary,
737,vQ27m05,,match,,"0,1",,,,"0,1",,,,multiple-response binary,
738,vQ27m06,,match,,"0,1",,,,"0,1",,,,multiple-response binary,
739,vQ27m07,,match,,"0,1",,,,"0,1",,,,multiple-response binary,
740,vQ27m88,,match,,"0,1",96,,,"0,1",96,,,multiple-response binary,
741,vP3_4,,manual,no automatic proposal,"1,4",97,98,,,,,,no numeric range found,
742,vCKP3_4,,manual,no automatic proposal,"1,4",,,,,,,,no numeric range found,
743,vP3_5,,manual,no automatic proposal,"1,4",90,97,98,,,,,no numeric range found,
744,vP3_6,,manual,no automatic proposal,"1,4",97,98,,,,,,no numeric range found,
745,vP5_3R,,manual,no automatic proposal,"1,4",97,98,,,,,,no numeric range found,
746,vP5_4R,,manual,no automatic proposal,"1,4",97,98,,,,,,no numeric range found,
747,vP5_5,,manual,no automatic proposal,"1,5",97,98,,,,,,no numeric range found,
748,vQ28,Q28,apply,,,,,,"0,500",991,997,998,explicit numeric range,"Q28‧接下來想詢問您,有關與其他人討論政治或公共事務的問題。(例如:吃飯時邊看電視和家人討論物價上漲問題、與網友討論兩岸關係或國際議題(如烏俄戰爭)、向里長反映社區事務等等) Q28a‧那請問您會經常一起討論「政治或公共事務」的人,有幾位?(包括朋友和家人,不管是透過網路或面對面,認識或不認識都算)【範圍:0-500】 訪員備註:超過500人請鍵入991。 _______位 □(991)超過500人 □(997)不知道 □(998)拒答"
749,vQ30m01,Q30,match,,"0,1",,,,"0,1",,,,multiple-response binary,"Q30‧接下來,要請問您最近一年以來,有沒有做過和「政治或公共事務」議題相關的活動,會分別從「網路上」和「不是網路上」(包含面對面、打電話等)詢問。 首先針對「網路上」來詢問,請問您最近一年有沒有在網路上做過這些和「政治或公共事務」議題相關的活動?(可多選)(卡50) 【E1答(01)者,需回答此題】 □(01)在社群媒體上加入政治或社區的社團或群組(例如:賴清德總統後援會、侯友宜粉絲後援團等) □(02)在地方首長或鄰里長的首長信箱或粉專反映社區問題或提出建議 □(03)出於政治、道德或環境原因在社群媒體上抵制某些產品,包含取消關注、拒看、或是留言發文指責 □(04)透過手機app捐款給政黨"
750,vQ30m02,Q30,match,,"0,1",,,,"0,1",,,,multiple-response binary,"Q30‧接下來,要請問您最近一年以來,有沒有做過和「政治或公共事務」議題相關的活動,會分別從「網路上」和「不是網路上」(包含面對面、打電話等)詢問。 首先針對「網路上」來詢問,請問您最近一年有沒有在網路上做過這些和「政治或公共事務」議題相關的活動?(可多選)(卡50) 【E1答(01)者,需回答此題】 □(01)在社群媒體上加入政治或社區的社團或群組(例如:賴清德總統後援會、侯友宜粉絲後援團等) □(02)在地方首長或鄰里長的首長信箱或粉專反映社區問題或提出建議 □(03)出於政治、道德或環境原因在社群媒體上抵制某些產品,包含取消關注、拒看、或是留言發文指責 □(04)透過手機app捐款給政黨"
751,vQ30m03,Q30,match,,"0,1",,,,"0,1",,,,multiple-response binary,"Q30‧接下來,要請問您最近一年以來,有沒有做過和「政治或公共事務」議題相關的活動,會分別從「網路上」和「不是網路上」(包含面對面、打電話等)詢問。 首先針對「網路上」來詢問,請問您最近一年有沒有在網路上做過這些和「政治或公共事務」議題相關的活動?(可多選)(卡50) 【E1答(01)者,需回答此題】 □(01)在社群媒體上加入政治或社區的社團或群組(例如:賴清德總統後援會、侯友宜粉絲後援團等) □(02)在地方首長或鄰里長的首長信箱或粉專反映社區問題或提出建議 □(03)出於政治、道德或環境原因在社群媒體上抵制某些產品,包含取消關注、拒看、或是留言發文指責 □(04)透過手機app捐款給政黨"
752,vQ30m04,Q30,match,,"0,1",,,,"0,1",,,,multiple-response binary,"Q30‧接下來,要請問您最近一年以來,有沒有做過和「政治或公共事務」議題相關的活動,會分別從「網路上」和「不是網路上」(包含面對面、打電話等)詢問。 首先針對「網路上」來詢問,請問您最近一年有沒有在網路上做過這些和「政治或公共事務」議題相關的活動?(可多選)(卡50) 【E1答(01)者,需回答此題】 □(01)在社群媒體上加入政治或社區的社團或群組(例如:賴清德總統後援會、侯友宜粉絲後援團等) □(02)在地方首長或鄰里長的首長信箱或粉專反映社區問題或提出建議 □(03)出於政治、道德或環境原因在社群媒體上抵制某些產品,包含取消關注、拒看、或是留言發文指責 □(04)透過手機app捐款給政黨"
753,vQ30m05,Q30,match,,"0,1",,,,"0,1",,,,multiple-response binary,"Q30‧接下來,要請問您最近一年以來,有沒有做過和「政治或公共事務」議題相關的活動,會分別從「網路上」和「不是網路上」(包含面對面、打電話等)詢問。 首先針對「網路上」來詢問,請問您最近一年有沒有在網路上做過這些和「政治或公共事務」議題相關的活動?(可多選)(卡50) 【E1答(01)者,需回答此題】 □(01)在社群媒體上加入政治或社區的社團或群組(例如:賴清德總統後援會、侯友宜粉絲後援團等) □(02)在地方首長或鄰里長的首長信箱或粉專反映社區問題或提出建議 □(03)出於政治、道德或環境原因在社群媒體上抵制某些產品,包含取消關注、拒看、或是留言發文指責 □(04)透過手機app捐款給政黨"
754,vQ30m06,Q30,match,,"0,1",,,,"0,1",,,,multiple-response binary,"Q30‧接下來,要請問您最近一年以來,有沒有做過和「政治或公共事務」議題相關的活動,會分別從「網路上」和「不是網路上」(包含面對面、打電話等)詢問。 首先針對「網路上」來詢問,請問您最近一年有沒有在網路上做過這些和「政治或公共事務」議題相關的活動?(可多選)(卡50) 【E1答(01)者,需回答此題】 □(01)在社群媒體上加入政治或社區的社團或群組(例如:賴清德總統後援會、侯友宜粉絲後援團等) □(02)在地方首長或鄰里長的首長信箱或粉專反映社區問題或提出建議 □(03)出於政治、道德或環境原因在社群媒體上抵制某些產品,包含取消關注、拒看、或是留言發文指責 □(04)透過手機app捐款給政黨"
755,vQ30m07,Q30,match,,"0,1",,,,"0,1",,,,multiple-response binary,"Q30‧接下來,要請問您最近一年以來,有沒有做過和「政治或公共事務」議題相關的活動,會分別從「網路上」和「不是網路上」(包含面對面、打電話等)詢問。 首先針對「網路上」來詢問,請問您最近一年有沒有在網路上做過這些和「政治或公共事務」議題相關的活動?(可多選)(卡50) 【E1答(01)者,需回答此題】 □(01)在社群媒體上加入政治或社區的社團或群組(例如:賴清德總統後援會、侯友宜粉絲後援團等) □(02)在地方首長或鄰里長的首長信箱或粉專反映社區問題或提出建議 □(03)出於政治、道德或環境原因在社群媒體上抵制某些產品,包含取消關注、拒看、或是留言發文指責 □(04)透過手機app捐款給政黨"
756,vQ30m08,Q30,match,,"0,1",,,,"0,1",,,,multiple-response binary,"Q30‧接下來,要請問您最近一年以來,有沒有做過和「政治或公共事務」議題相關的活動,會分別從「網路上」和「不是網路上」(包含面對面、打電話等)詢問。 首先針對「網路上」來詢問,請問您最近一年有沒有在網路上做過這些和「政治或公共事務」議題相關的活動?(可多選)(卡50) 【E1答(01)者,需回答此題】 □(01)在社群媒體上加入政治或社區的社團或群組(例如:賴清德總統後援會、侯友宜粉絲後援團等) □(02)在地方首長或鄰里長的首長信箱或粉專反映社區問題或提出建議 □(03)出於政治、道德或環境原因在社群媒體上抵制某些產品,包含取消關注、拒看、或是留言發文指責 □(04)透過手機app捐款給政黨"
757,vQ30m90,Q30,match,,"0,1",96,,,"0,1",96,,,multiple-response binary,"Q30‧接下來,要請問您最近一年以來,有沒有做過和「政治或公共事務」議題相關的活動,會分別從「網路上」和「不是網路上」(包含面對面、打電話等)詢問。 首先針對「網路上」來詢問,請問您最近一年有沒有在網路上做過這些和「政治或公共事務」議題相關的活動?(可多選)(卡50) 【E1答(01)者,需回答此題】 □(01)在社群媒體上加入政治或社區的社團或群組(例如:賴清德總統後援會、侯友宜粉絲後援團等) □(02)在地方首長或鄰里長的首長信箱或粉專反映社區問題或提出建議 □(03)出於政治、道德或環境原因在社群媒體上抵制某些產品,包含取消關注、拒看、或是留言發文指責 □(04)透過手機app捐款給政黨"
758,vQ31m01,Q31,match,,"0,1",,,,"0,1",,,,multiple-response binary,"Q31‧接下來針對「不是網路上」的情形詢問,請問您最近一年有沒有做過這些和「政治或公共事務」議題相關的活動?(可多選)(卡51) □(01)實體加入政治或社區的社團或組織成為會員(例如:政治人物後援會) □(02)向地方首長或鄰里長反映社區問題或提出建議 □(03)出於政治、道德或環境原因抵制或購買某些產品 □(04)參加政黨、候選人或政治相關的募款活動 □(05)參加政治相關集會(例如:造勢晚會) □(06)參加社區或公民團體集會與活動 □(07)動員其他人投票給支持的候選人 □(08)動員其他人參與連署、公投、罷免、集體行動 □(90)都沒有【與選項(01)-(08)者互斥】 □(97)不"
759,vQ31m02,Q31,match,,"0,1",,,,"0,1",,,,multiple-response binary,"Q31‧接下來針對「不是網路上」的情形詢問,請問您最近一年有沒有做過這些和「政治或公共事務」議題相關的活動?(可多選)(卡51) □(01)實體加入政治或社區的社團或組織成為會員(例如:政治人物後援會) □(02)向地方首長或鄰里長反映社區問題或提出建議 □(03)出於政治、道德或環境原因抵制或購買某些產品 □(04)參加政黨、候選人或政治相關的募款活動 □(05)參加政治相關集會(例如:造勢晚會) □(06)參加社區或公民團體集會與活動 □(07)動員其他人投票給支持的候選人 □(08)動員其他人參與連署、公投、罷免、集體行動 □(90)都沒有【與選項(01)-(08)者互斥】 □(97)不"
760,vQ31m03,Q31,match,,"0,1",,,,"0,1",,,,multiple-response binary,"Q31‧接下來針對「不是網路上」的情形詢問,請問您最近一年有沒有做過這些和「政治或公共事務」議題相關的活動?(可多選)(卡51) □(01)實體加入政治或社區的社團或組織成為會員(例如:政治人物後援會) □(02)向地方首長或鄰里長反映社區問題或提出建議 □(03)出於政治、道德或環境原因抵制或購買某些產品 □(04)參加政黨、候選人或政治相關的募款活動 □(05)參加政治相關集會(例如:造勢晚會) □(06)參加社區或公民團體集會與活動 □(07)動員其他人投票給支持的候選人 □(08)動員其他人參與連署、公投、罷免、集體行動 □(90)都沒有【與選項(01)-(08)者互斥】 □(97)不"
761,vQ31m04,Q31,match,,"0,1",,,,"0,1",,,,multiple-response binary,"Q31‧接下來針對「不是網路上」的情形詢問,請問您最近一年有沒有做過這些和「政治或公共事務」議題相關的活動?(可多選)(卡51) □(01)實體加入政治或社區的社團或組織成為會員(例如:政治人物後援會) □(02)向地方首長或鄰里長反映社區問題或提出建議 □(03)出於政治、道德或環境原因抵制或購買某些產品 □(04)參加政黨、候選人或政治相關的募款活動 □(05)參加政治相關集會(例如:造勢晚會) □(06)參加社區或公民團體集會與活動 □(07)動員其他人投票給支持的候選人 □(08)動員其他人參與連署、公投、罷免、集體行動 □(90)都沒有【與選項(01)-(08)者互斥】 □(97)不"
762,vQ31m05,Q31,match,,"0,1",,,,"0,1",,,,multiple-response binary,"Q31‧接下來針對「不是網路上」的情形詢問,請問您最近一年有沒有做過這些和「政治或公共事務」議題相關的活動?(可多選)(卡51) □(01)實體加入政治或社區的社團或組織成為會員(例如:政治人物後援會) □(02)向地方首長或鄰里長反映社區問題或提出建議 □(03)出於政治、道德或環境原因抵制或購買某些產品 □(04)參加政黨、候選人或政治相關的募款活動 □(05)參加政治相關集會(例如:造勢晚會) □(06)參加社區或公民團體集會與活動 □(07)動員其他人投票給支持的候選人 □(08)動員其他人參與連署、公投、罷免、集體行動 □(90)都沒有【與選項(01)-(08)者互斥】 □(97)不"
763,vQ31m06,Q31,match,,"0,1",,,,"0,1",,,,multiple-response binary,"Q31‧接下來針對「不是網路上」的情形詢問,請問您最近一年有沒有做過這些和「政治或公共事務」議題相關的活動?(可多選)(卡51) □(01)實體加入政治或社區的社團或組織成為會員(例如:政治人物後援會) □(02)向地方首長或鄰里長反映社區問題或提出建議 □(03)出於政治、道德或環境原因抵制或購買某些產品 □(04)參加政黨、候選人或政治相關的募款活動 □(05)參加政治相關集會(例如:造勢晚會) □(06)參加社區或公民團體集會與活動 □(07)動員其他人投票給支持的候選人 □(08)動員其他人參與連署、公投、罷免、集體行動 □(90)都沒有【與選項(01)-(08)者互斥】 □(97)不"
764,vQ31m07,Q31,match,,"0,1",,,,"0,1",,,,multiple-response binary,"Q31‧接下來針對「不是網路上」的情形詢問,請問您最近一年有沒有做過這些和「政治或公共事務」議題相關的活動?(可多選)(卡51) □(01)實體加入政治或社區的社團或組織成為會員(例如:政治人物後援會) □(02)向地方首長或鄰里長反映社區問題或提出建議 □(03)出於政治、道德或環境原因抵制或購買某些產品 □(04)參加政黨、候選人或政治相關的募款活動 □(05)參加政治相關集會(例如:造勢晚會) □(06)參加社區或公民團體集會與活動 □(07)動員其他人投票給支持的候選人 □(08)動員其他人參與連署、公投、罷免、集體行動 □(90)都沒有【與選項(01)-(08)者互斥】 □(97)不"
765,vQ31m08,Q31,match,,"0,1",,,,"0,1",,,,multiple-response binary,"Q31‧接下來針對「不是網路上」的情形詢問,請問您最近一年有沒有做過這些和「政治或公共事務」議題相關的活動?(可多選)(卡51) □(01)實體加入政治或社區的社團或組織成為會員(例如:政治人物後援會) □(02)向地方首長或鄰里長反映社區問題或提出建議 □(03)出於政治、道德或環境原因抵制或購買某些產品 □(04)參加政黨、候選人或政治相關的募款活動 □(05)參加政治相關集會(例如:造勢晚會) □(06)參加社區或公民團體集會與活動 □(07)動員其他人投票給支持的候選人 □(08)動員其他人參與連署、公投、罷免、集體行動 □(90)都沒有【與選項(01)-(08)者互斥】 □(97)不"
766,vQ31m90,Q31,match,,"0,1",96,,,"0,1",96,,,multiple-response binary,"Q31‧接下來針對「不是網路上」的情形詢問,請問您最近一年有沒有做過這些和「政治或公共事務」議題相關的活動?(可多選)(卡51) □(01)實體加入政治或社區的社團或組織成為會員(例如:政治人物後援會) □(02)向地方首長或鄰里長反映社區問題或提出建議 □(03)出於政治、道德或環境原因抵制或購買某些產品 □(04)參加政黨、候選人或政治相關的募款活動 □(05)參加政治相關集會(例如:造勢晚會) □(06)參加社區或公民團體集會與活動 □(07)動員其他人投票給支持的候選人 □(08)動員其他人參與連署、公投、罷免、集體行動 □(90)都沒有【與選項(01)-(08)者互斥】 □(97)不"
767,vQ32sQ32,Q32,apply,,,,,,"1,5",,,,option code span including table,"Q32‧以下想要問您對一些事物的滿意程度。(卡52) 非常 | 不滿意 不滿意 普通 滿意 非常 | 滿意 (97) | 不知道 (98) | 拒答 Q32 整體來說,您對目前台灣的狀況(包含政治、經濟、社會等各面向),滿不滿意? 1□ 2□ 3□ 4□ 5□ □ □ Q33 請問您對賴清德擔任總統期間的整體表現滿不滿意? 1□ 2□ 3□ 4□ 5□ □ □ Q34 請問您對戶籍地縣(市)首長擔任縣(市)長期間的整體表現滿不滿意? | 提示說明:如受訪者不清楚地方首長,請訪員確認受訪者戶籍地在哪,並出示提示卡69,與受訪者說明所在戶籍地的縣市首長是誰。 1□ 2□ 3□ 4□ 5□ □ "
768,vQ32sQ33,Q33,apply,,,,,,"1,5",,,,option code span including table,"Q32‧以下想要問您對一些事物的滿意程度。(卡52) 非常 | 不滿意 不滿意 普通 滿意 非常 | 滿意 (97) | 不知道 (98) | 拒答 Q32 整體來說,您對目前台灣的狀況(包含政治、經濟、社會等各面向),滿不滿意? 1□ 2□ 3□ 4□ 5□ □ □ Q33 請問您對賴清德擔任總統期間的整體表現滿不滿意? 1□ 2□ 3□ 4□ 5□ □ □ Q34 請問您對戶籍地縣(市)首長擔任縣(市)長期間的整體表現滿不滿意? | 提示說明:如受訪者不清楚地方首長,請訪員確認受訪者戶籍地在哪,並出示提示卡69,與受訪者說明所在戶籍地的縣市首長是誰。 1□ 2□ 3□ 4□ 5□ □ "
769,vQ32sQ34,Q34,apply,,,,,,"1,5",,,,option code span including table,"Q32‧以下想要問您對一些事物的滿意程度。(卡52) 非常 | 不滿意 不滿意 普通 滿意 非常 | 滿意 (97) | 不知道 (98) | 拒答 Q32 整體來說,您對目前台灣的狀況(包含政治、經濟、社會等各面向),滿不滿意? 1□ 2□ 3□ 4□ 5□ □ □ Q33 請問您對賴清德擔任總統期間的整體表現滿不滿意? 1□ 2□ 3□ 4□ 5□ □ □ Q34 請問您對戶籍地縣(市)首長擔任縣(市)長期間的整體表現滿不滿意? | 提示說明:如受訪者不清楚地方首長,請訪員確認受訪者戶籍地在哪,並出示提示卡69,與受訪者說明所在戶籍地的縣市首長是誰。 1□ 2□ 3□ 4□ 5□ □ "
770,vQ58s58,Q58,apply,,,,,,"1,5",,,,option code span including table,"Q58‧那請問您同不同意以下的說法?(卡53) 非常 | 不同意 不同意 普通 同意 非常 | 同意 (97) | 不知道 (98) | 拒答 Q58 我們一般民眾對政府的作為,沒有任何影響力 1□ 2□ 3□ 4□ 5□ □ □ Q59 政府官員不會在乎我們一般民眾的想法 1□ 2□ 3□ 4□ 5□ □ □ Q60 政治有時候太複雜了,所以我們一般民眾實在搞不懂 1□ 2□ 3□ 4□ 5□ □ □ Q61 我對台灣目前重要的政治議題有相當不錯的理解 1□ 2□ 3□ 4□ 5□ □ □"
771,vQ58s59,Q59,apply,,,,,,"1,5",,,,option code span including table,"Q58‧那請問您同不同意以下的說法?(卡53) 非常 | 不同意 不同意 普通 同意 非常 | 同意 (97) | 不知道 (98) | 拒答 Q58 我們一般民眾對政府的作為,沒有任何影響力 1□ 2□ 3□ 4□ 5□ □ □ Q59 政府官員不會在乎我們一般民眾的想法 1□ 2□ 3□ 4□ 5□ □ □ Q60 政治有時候太複雜了,所以我們一般民眾實在搞不懂 1□ 2□ 3□ 4□ 5□ □ □ Q61 我對台灣目前重要的政治議題有相當不錯的理解 1□ 2□ 3□ 4□ 5□ □ □"
772,vQ58s60,Q60,apply,,,,,,"1,5",,,,option code span including table,"Q58‧那請問您同不同意以下的說法?(卡53) 非常 | 不同意 不同意 普通 同意 非常 | 同意 (97) | 不知道 (98) | 拒答 Q58 我們一般民眾對政府的作為,沒有任何影響力 1□ 2□ 3□ 4□ 5□ □ □ Q59 政府官員不會在乎我們一般民眾的想法 1□ 2□ 3□ 4□ 5□ □ □ Q60 政治有時候太複雜了,所以我們一般民眾實在搞不懂 1□ 2□ 3□ 4□ 5□ □ □ Q61 我對台灣目前重要的政治議題有相當不錯的理解 1□ 2□ 3□ 4□ 5□ □ □"
773,vQ58s61,Q61,apply,,,,,,"1,5",,,,option code span including table,"Q58‧那請問您同不同意以下的說法?(卡53) 非常 | 不同意 不同意 普通 同意 非常 | 同意 (97) | 不知道 (98) | 拒答 Q58 我們一般民眾對政府的作為,沒有任何影響力 1□ 2□ 3□ 4□ 5□ □ □ Q59 政府官員不會在乎我們一般民眾的想法 1□ 2□ 3□ 4□ 5□ □ □ Q60 政治有時候太複雜了,所以我們一般民眾實在搞不懂 1□ 2□ 3□ 4□ 5□ □ □ Q61 我對台灣目前重要的政治議題有相當不錯的理解 1□ 2□ 3□ 4□ 5□ □ □"
774,vQ46,Q46,match,,"1,5",97,98,,"1,5",97,98,,option code span including table,"Q46. 整體來說,請問您對政治的事情,感不感興趣?(卡54) □(01)非常不感興趣 □(02)有點不感興趣 □(03)普通 □(04)有點感興趣 □(05)非常感興趣 □(97)不知道 □(98)拒答 【譚躍委員】P3_2‧請問您同不同意下列說法,國民黨與民進黨之間存在強烈的衝突?(卡55) □ (01)非常不同意 □ (02)不同意 □ (03)普通 □ (04)同意 □ (05)非常同意 □ (97)不知道 □ (98)拒答 【譚躍委員】P3_3‧請問您同不同意下列說法,國民黨跟民進黨的觀點有極大的差異?(卡55) □ (01)非常不同意 □ (02)不同意 □ (03)普通 □ (0"
775,vP3_2,,manual,no automatic proposal,"1,5",97,98,,,,,,no numeric range found,
776,vP3_3,,manual,no automatic proposal,"1,5",97,98,,,,,,no numeric range found,
777,vP2_1,,manual,no automatic proposal,"1,4",97,98,,,,,,no numeric range found,
778,vP2_2,,manual,no automatic proposal,"1,4",97,98,,,,,,no numeric range found,
779,vP2_3,,manual,no automatic proposal,"1,4",97,98,,,,,,no numeric range found,
780,vP2_4,,manual,no automatic proposal,"1,5",97,98,,,,,,no numeric range found,
781,vP2_5,,manual,no automatic proposal,"1,5",97,98,,,,,,no numeric range found,
782,vP2_6,,manual,no automatic proposal,"1,5",97,98,,,,,,no numeric range found,
783,vQ43,Q43,match,,"1,8",97,98,,"1,8",97,98,,option code span including table,"Q43.民國113年(西元2024年)1月的總統選舉,請問您有沒有去投票?投給誰?(卡58) 受訪者年齡:【貼題A1】年次;【貼題A2】歲 □(01)有,投給賴清德、蕭美琴 □(02)有,投給侯友宜、趙少康 □(03)有,投給柯文哲、吳欣盈 □(04)有,投廢票 □(05)有,但拒答或忘記投給誰 □(06)有去投立委票,但沒有投總統票 □(07)沒有去投票 □(08)當時沒有投票權【受訪者若不是94~96年次者選08,請訪員再確認】【A1答94、95、96者,或A2答(01),只能選此項】 □(97)不知道 □(98)拒答"
784,vQ44,Q44,match,,"1,89",90,91,92,"1,89",90,91,92,option code span including table,"Q44. 今年年底是縣市長選舉,請問如果明天就是投票日,在您戶籍地的縣市長候選人當中,請問您會把票投給哪一黨的候選人?(卡59)【A1為96者,或A2答(01)者,不需答此題】 □(01)國民黨 □(02)民進黨 □(03)台灣民眾黨 □(04)無黨籍 □(88)其他政黨,請說明____ □(89)投廢票 □(90)不投票 □(91)不會投縣市長選票 □(92)還沒決定 □(93)沒有投票權 □(94)看情形 □(95)無意見 □(97)不知道 □(98)拒答"
785,vQ45,Q45,mismatch,existing r1-r4 differ from proposal,"1,89",90,91,92,"1,88",90,97,98,option code span including table,"Q45.那請問您有沒有比較傾向投給哪一黨的候選人?(卡59)【Q44答(89)、(90)、(91)、(92)、 (94)、(95)、(97)、(98),需答此題】 □(01)國民黨 □(02)民進黨 □(03)台灣民眾黨 □(04)無黨籍 □(88)其他政黨,請說明____ □(90)都沒有 □(97)不知道 □(98)拒答"
786,vQ47,Q47,match,,997,998,,,997,998,,,option code span including table,"Q47. 若0代表非常冰冷,100代表非常溫暖,請問國民黨讓您感到溫暖的程度是多少?(卡60) 0 100 (非常冰冷)-----------------------------------------------------------------------(非常溫暖) □(997)不知道 □(998)拒答"
787,vQ48,Q48,match,,997,998,,,997,998,,,option code span including table,"Q48. 若0代表非常冰冷,100代表非常溫暖,請問民進黨讓您感到溫暖的程度是多少?(卡60) 0 100 (非常冰冷)------------------------------------------------------------------------(非常溫暖) □(997)不知道 □(998)拒答"
788,vQ62,Q62,mismatch,existing r1-r4 differ from proposal,997,998,,,"0,88",997,998,97,option code span including table,"Q62. 代表非常冰冷,100代表非常溫暖,請問民眾黨讓您感到溫暖的程度是多少?(卡60) 0 100 (非常冰冷)------------------------------------------------------------------------(非常溫暖) □(997)不知道 □(998)拒答 Q49在目前國內的政黨中,請問您有沒有偏向支持哪一個政黨? □ (01) 有 □ (97) 不知道 □ (02) 沒有 □ (98) 拒答 Q50那相對來說,請問您有沒有稍"
789,vQ49,,manual,no automatic proposal,,,,,,,,,no numeric range found,
790,vQ50,,manual,no automatic proposal,2,97,98,,,,,,no numeric range found,
791,vQ51,,manual,no automatic proposal,"1,88",,,,,,,,no numeric range found,
792,vQ52,,manual,no automatic proposal,"1,88",,,,,,,,no numeric range found,
793,vQ53,,manual,no automatic proposal,"1,88",93,95,97,,,,,no numeric range found,
794,vP3_1,,manual,no automatic proposal,97,98,,,,,,,no numeric range found,
795,vQ54,,manual,no automatic proposal,"1,88",97,98,,,,,,no numeric range found,
796,vP5_6,,manual,no automatic proposal,"0,10",97,98,,,,,,no numeric range found,
797,vQ55,,manual,no automatic proposal,"1,4",97,98,,,,,,no numeric range found,
798,vQ56,,manual,no automatic proposal,"1,4",97,98,,,,,,no numeric range found,
799,vQ57,,manual,no automatic proposal,"1,4",97,98,,,,,,no numeric range found,
800,vZ2_1g1,,manual,no automatic proposal,98,,,,,,,,no numeric range found,
801,vZ2_1g2,,manual,no automatic proposal,98,,,,,,,,no numeric range found,
802,vZ2_2,,manual,no automatic proposal,3,98,,,,,,,no numeric range found,
803,vZE1,ZE1,manual,no automatic proposal,"1,4",,,,,,,,no numeric range found,"ZE1‧我們的訪問就到此結束,非常感謝您接受我們的訪問,謝謝!(這時,請訪員將500元商品卡提供給受訪者),請問受訪者是否收下商品卡?(訪員自填) (01)有,受訪者有收下商品卡 (02)沒有,受訪者因故不收商品卡 (03)沒有,因已無商品卡,請計畫小組補寄給受訪者。請訪員提供收件地址及收件者姓名:________ (04)其他,請說明:__________ 【訪員特別注意】 1.請務必讀出訪問結束的結尾語,並將500元商品卡提供給受訪者。 2.請勿在此畫面就結束訪問。"
804,vCkZE1,CKZE1,match,,"20260615000000,20260915000000",,,,"20260615000000,20260915000000",,,,configured date range,"CKZE1‧受訪者不識字或沒有上網行為,不需詢問後續追蹤訪問。【A09選(01)者,或E1選(02)、(97)、(98),需回答此題】"
805,vZE2m01,ZE2,match,,"0,1",,,,"0,1",,,,multiple-response binary,"ZE2_3‧請問您的Email?(請訪員唸出同意書上email,確認無誤後鍵入以下欄位) ___________【ZE2答(02),需答此題】 【訪員特別注意】 1.請訪員邊記錄邊複述Email,讓受訪者協助確認,避免填錯。 2. Email需確認數字與英文的分別,及有沒有「.tw」。 問卷訪問紀錄 ZX恭喜您完成一份問卷,提醒您務必在完訪後的24小時內將完訪個案之訪問紀錄問卷詳細填寫完畢,並於完訪當天進行資料更新,謝謝!若無特殊狀況,請填0。 _________________________________________________________________ ZB1 有沒有其他"
806,vZE2m02,ZE2,match,,"0,1",,,,"0,1",,,,multiple-response binary,"ZE2_3‧請問您的Email?(請訪員唸出同意書上email,確認無誤後鍵入以下欄位) ___________【ZE2答(02),需答此題】 【訪員特別注意】 1.請訪員邊記錄邊複述Email,讓受訪者協助確認,避免填錯。 2. Email需確認數字與英文的分別,及有沒有「.tw」。 問卷訪問紀錄 ZX恭喜您完成一份問卷,提醒您務必在完訪後的24小時內將完訪個案之訪問紀錄問卷詳細填寫完畢,並於完訪當天進行資料更新,謝謝!若無特殊狀況,請填0。 _________________________________________________________________ ZB1 有沒有其他"
807,vZE2m03,ZE2,match,,"0,1",,,,"0,1",,,,multiple-response binary,"ZE2_3‧請問您的Email?(請訪員唸出同意書上email,確認無誤後鍵入以下欄位) ___________【ZE2答(02),需答此題】 【訪員特別注意】 1.請訪員邊記錄邊複述Email,讓受訪者協助確認,避免填錯。 2. Email需確認數字與英文的分別,及有沒有「.tw」。 問卷訪問紀錄 ZX恭喜您完成一份問卷,提醒您務必在完訪後的24小時內將完訪個案之訪問紀錄問卷詳細填寫完畢,並於完訪當天進行資料更新,謝謝!若無特殊狀況,請填0。 _________________________________________________________________ ZB1 有沒有其他"
808,vvckend,,match,,"20260615000000,20260915000000",,,,"20260615000000,20260915000000",,,,configured date range,
